Betreiber: LfU_Dahme
Pegelkennziffer (PKZ): 5864700
Messstellenname: Mittenwalde, Straßenbrücke
Gewaessername: Zülowkanal
Abstand zur Muendung: 
AEo [qkm]:
Pegelnullpunkt: 34,134  DHHN2016 
ETRS 89_3_Ost: 399201,000159
ETRS 89_3_Nord: 5791854,999733
Geografische Laenge:  13,522836
Geografische Breite:  52,267826
Parameter: W [cm]
Datum;Uhrzeit;Wert [cm];Qualität
01.11.1964;;50;Gut
02.11.1964;;51;Gut
03.11.1964;;51;Gut
04.11.1964;;51;Gut
05.11.1964;;51;Gut
06.11.1964;;50;Gut
07.11.1964;;50;Gut
08.11.1964;;50;Gut
09.11.1964;;50;Gut
10.11.1964;;50;Gut
11.11.1964;;50;Gut
12.11.1964;;50;Gut
13.11.1964;;50;Gut
14.11.1964;;50;Gut
15.11.1964;;50;Gut
16.11.1964;;54;Gut
17.11.1964;;53;Gut
18.11.1964;;55;Gut
19.11.1964;;57;Gut
20.11.1964;;57;Gut
21.11.1964;;54;Gut
22.11.1964;;51;Gut
23.11.1964;;52;Gut
24.11.1964;;53;Gut
25.11.1964;;54;Gut
26.11.1964;;53;Gut
27.11.1964;;54;Gut
28.11.1964;;55;Gut
29.11.1964;;55;Gut
30.11.1964;;54;Gut
01.12.1964;;54;Gut
02.12.1964;;54;Gut
03.12.1964;;53;Gut
04.12.1964;;54;Gut
05.12.1964;;57;Gut
06.12.1964;;57;Gut
07.12.1964;;58;Gut
08.12.1964;;59;Gut
09.12.1964;;64;Gut
10.12.1964;;64;Gut
11.12.1964;;64;Gut
12.12.1964;;61;Gut
13.12.1964;;60;Gut
14.12.1964;;64;Gut
15.12.1964;;63;Gut
16.12.1964;;62;Gut
17.12.1964;;62;Gut
18.12.1964;;62;Gut
19.12.1964;;62;Gut
20.12.1964;;62;Gut
21.12.1964;;62;Gut
22.12.1964;;62;Gut
23.12.1964;;60;Gut
24.12.1964;;58;Gut
25.12.1964;;57;Gut
26.12.1964;;56;Gut
27.12.1964;;57;Gut
28.12.1964;;57;Gut
29.12.1964;;57;Gut
30.12.1964;;56;Gut
31.12.1964;;58;Gut
01.01.1965;;62;Gut
02.01.1965;;62;Gut
03.01.1965;;61;Gut
04.01.1965;;60;Gut
05.01.1965;;61;Gut
06.01.1965;;62;Gut
07.01.1965;;62;Gut
08.01.1965;;62;Gut
09.01.1965;;65;Gut
10.01.1965;;70;Gut
11.01.1965;;69;Gut
12.01.1965;;68;Gut
13.01.1965;;65;Gut
14.01.1965;;67;Gut
15.01.1965;;67;Gut
16.01.1965;;67;Gut
17.01.1965;;66;Gut
18.01.1965;;66;Gut
19.01.1965;;67;Gut
20.01.1965;;67;Gut
21.01.1965;;66;Gut
22.01.1965;;65;Gut
23.01.1965;;64;Gut
24.01.1965;;64;Gut
25.01.1965;;62;Gut
26.01.1965;;62;Gut
27.01.1965;;62;Gut
28.01.1965;;62;Gut
29.01.1965;;62;Gut
30.01.1965;;62;Gut
31.01.1965;;61;Gut
01.02.1965;;61;Gut
02.02.1965;;60;Gut
03.02.1965;;59;Gut
04.02.1965;;60;Gut
05.02.1965;;60;Gut
06.02.1965;;62;Gut
07.02.1965;;62;Gut
08.02.1965;;65;Gut
09.02.1965;;64;Gut
10.02.1965;;62;Gut
11.02.1965;;61;Gut
12.02.1965;;62;Gut
13.02.1965;;64;Gut
14.02.1965;;67;Gut
15.02.1965;;67;Gut
16.02.1965;;66;Gut
17.02.1965;;66;Gut
18.02.1965;;64;Gut
19.02.1965;;62;Gut
20.02.1965;;62;Gut
21.02.1965;;60;Gut
22.02.1965;;60;Gut
23.02.1965;;59;Gut
24.02.1965;;58;Gut
25.02.1965;;57;Gut
26.02.1965;;57;Gut
27.02.1965;;62;Gut
28.02.1965;;66;Gut
01.03.1965;;59;Gut
02.03.1965;;60;Gut
03.03.1965;;65;Gut
04.03.1965;;65;Gut
05.03.1965;;65;Gut
06.03.1965;;65;Gut
07.03.1965;;65;Gut
08.03.1965;;60;Gut
09.03.1965;;57;Gut
10.03.1965;;57;Gut
11.03.1965;;57;Gut
12.03.1965;;58;Gut
13.03.1965;;58;Gut
14.03.1965;;56;Gut
15.03.1965;;60;Gut
16.03.1965;;66;Gut
17.03.1965;;68;Gut
18.03.1965;;76;Gut
19.03.1965;;80;Gut
20.03.1965;;78;Gut
21.03.1965;;78;Gut
22.03.1965;;76;Gut
23.03.1965;;76;Gut
24.03.1965;;75;Gut
25.03.1965;;74;Gut
26.03.1965;;73;Gut
27.03.1965;;72;Gut
28.03.1965;;73;Gut
29.03.1965;;72;Gut
30.03.1965;;73;Gut
31.03.1965;;72;Gut
01.04.1965;;72;Gut
02.04.1965;;70;Gut
03.04.1965;;69;Gut
04.04.1965;;65;Gut
05.04.1965;;64;Gut
06.04.1965;;64;Gut
07.04.1965;;65;Gut
08.04.1965;;66;Gut
09.04.1965;;71;Gut
10.04.1965;;71;Gut
11.04.1965;;70;Gut
12.04.1965;;70;Gut
13.04.1965;;65;Gut
14.04.1965;;68;Gut
15.04.1965;;68;Gut
16.04.1965;;68;Gut
17.04.1965;;68;Gut
18.04.1965;;72;Gut
19.04.1965;;70;Gut
20.04.1965;;70;Gut
21.04.1965;;68;Gut
22.04.1965;;66;Gut
23.04.1965;;70;Gut
24.04.1965;;71;Gut
25.04.1965;;74;Gut
26.04.1965;;72;Gut
27.04.1965;;70;Gut
28.04.1965;;70;Gut
29.04.1965;;72;Gut
30.04.1965;;70;Gut
01.05.1965;;70;Gut
02.05.1965;;70;Gut
03.05.1965;;65;Gut
04.05.1965;;62;Gut
05.05.1965;;65;Gut
06.05.1965;;68;Gut
07.05.1965;;68;Gut
08.05.1965;;69;Gut
09.05.1965;;70;Gut
10.05.1965;;72;Gut
11.05.1965;;75;Gut
12.05.1965;;80;Gut
13.05.1965;;78;Gut
14.05.1965;;75;Gut
15.05.1965;;70;Gut
16.05.1965;;69;Gut
17.05.1965;;68;Gut
18.05.1965;;68;Gut
19.05.1965;;69;Gut
20.05.1965;;68;Gut
21.05.1965;;68;Gut
22.05.1965;;66;Gut
23.05.1965;;65;Gut
24.05.1965;;65;Gut
25.05.1965;;64;Gut
26.05.1965;;64;Gut
27.05.1965;;65;Gut
28.05.1965;;65;Gut
29.05.1965;;64;Gut
30.05.1965;;63;Gut
31.05.1965;;62;Gut
01.06.1965;;60;Gut
02.06.1965;;62;Gut
03.06.1965;;62;Gut
04.06.1965;;62;Gut
05.06.1965;;62;Gut
06.06.1965;;62;Gut
07.06.1965;;62;Gut
08.06.1965;;60;Gut
09.06.1965;;62;Gut
10.06.1965;;63;Gut
11.06.1965;;66;Gut
12.06.1965;;67;Gut
13.06.1965;;66;Gut
14.06.1965;;66;Gut
15.06.1965;;66;Gut
16.06.1965;;66;Gut
17.06.1965;;73;Gut
18.06.1965;;76;Gut
19.06.1965;;81;Gut
20.06.1965;;79;Gut
21.06.1965;;82;Gut
22.06.1965;;76;Gut
23.06.1965;;75;Gut
24.06.1965;;62;Gut
25.06.1965;;52;Gut
26.06.1965;;52;Gut
27.06.1965;;52;Gut
28.06.1965;;51;Gut
29.06.1965;;50;Gut
30.06.1965;;49;Gut
01.07.1965;;48;Gut
02.07.1965;;48;Gut
03.07.1965;;49;Gut
04.07.1965;;49;Gut
05.07.1965;;49;Gut
06.07.1965;;49;Gut
07.07.1965;;49;Gut
08.07.1965;;49;Gut
09.07.1965;;49;Gut
10.07.1965;;50;Gut
11.07.1965;;52;Gut
12.07.1965;;52;Gut
13.07.1965;;56;Gut
14.07.1965;;56;Gut
15.07.1965;;56;Gut
16.07.1965;;56;Gut
17.07.1965;;60;Gut
18.07.1965;;72;Gut
19.07.1965;;70;Gut
20.07.1965;;68;Gut
21.07.1965;;68;Gut
22.07.1965;;70;Gut
23.07.1965;;70;Gut
24.07.1965;;72;Gut
25.07.1965;;72;Gut
26.07.1965;;72;Gut
27.07.1965;;72;Gut
28.07.1965;;76;Gut
29.07.1965;;76;Gut
30.07.1965;;77;Gut
31.07.1965;;82;Gut
01.08.1965;;82;Gut
02.08.1965;;79;Gut
03.08.1965;;81;Gut
04.08.1965;;81;Gut
05.08.1965;;82;Gut
06.08.1965;;82;Gut
07.08.1965;;83;Gut
08.08.1965;;82;Gut
09.08.1965;;82;Gut
10.08.1965;;85;Gut
11.08.1965;;86;Gut
12.08.1965;;82;Gut
13.08.1965;;82;Gut
14.08.1965;;78;Gut
15.08.1965;;78;Gut
16.08.1965;;78;Gut
17.08.1965;;82;Gut
18.08.1965;;82;Gut
19.08.1965;;81;Gut
20.08.1965;;80;Gut
21.08.1965;;80;Gut
22.08.1965;;80;Gut
23.08.1965;;82;Gut
24.08.1965;;55;Gut
25.08.1965;;52;Gut
26.08.1965;;50;Gut
27.08.1965;;49;Gut
28.08.1965;;49;Gut
29.08.1965;;48;Gut
30.08.1965;;48;Gut
31.08.1965;;48;Gut
01.09.1965;;48;Gut
02.09.1965;;49;Gut
03.09.1965;;48;Gut
04.09.1965;;48;Gut
05.09.1965;;46;Gut
06.09.1965;;46;Gut
07.09.1965;;46;Gut
08.09.1965;;50;Gut
09.09.1965;;50;Gut
10.09.1965;;52;Gut
11.09.1965;;54;Gut
12.09.1965;;61;Gut
13.09.1965;;60;Gut
14.09.1965;;60;Gut
15.09.1965;;59;Gut
16.09.1965;;58;Gut
17.09.1965;;58;Gut
18.09.1965;;57;Gut
19.09.1965;;57;Gut
20.09.1965;;58;Gut
21.09.1965;;59;Gut
22.09.1965;;62;Gut
23.09.1965;;62;Gut
24.09.1965;;60;Gut
25.09.1965;;60;Gut
26.09.1965;;60;Gut
27.09.1965;;60;Gut
28.09.1965;;60;Gut
29.09.1965;;60;Gut
30.09.1965;;60;Gut
01.10.1965;;60;Gut
02.10.1965;;60;Gut
03.10.1965;;60;Gut
04.10.1965;;60;Gut
05.10.1965;;60;Gut
06.10.1965;;58;Gut
07.10.1965;;58;Gut
08.10.1965;;58;Gut
09.10.1965;;58;Gut
10.10.1965;;58;Gut
11.10.1965;;57;Gut
12.10.1965;;57;Gut
13.10.1965;;57;Gut
14.10.1965;;56;Gut
15.10.1965;;56;Gut
16.10.1965;;57;Gut
17.10.1965;;58;Gut
18.10.1965;;59;Gut
19.10.1965;;60;Gut
20.10.1965;;60;Gut
21.10.1965;;60;Gut
22.10.1965;;59;Gut
23.10.1965;;59;Gut
24.10.1965;;58;Gut
25.10.1965;;58;Gut
26.10.1965;;58;Gut
27.10.1965;;58;Gut
28.10.1965;;58;Gut
29.10.1965;;58;Gut
30.10.1965;;59;Gut
31.10.1965;;59;Gut
01.11.1965;;59;Gut
02.11.1965;;59;Gut
03.11.1965;;59;Gut
04.11.1965;;59;Gut
05.11.1965;;59;Gut
06.11.1965;;59;Gut
07.11.1965;;59;Gut
08.11.1965;;59;Gut
09.11.1965;;59;Gut
10.11.1965;;59;Gut
11.11.1965;;59;Gut
12.11.1965;;59;Gut
13.11.1965;;58;Gut
14.11.1965;;57;Gut
15.11.1965;;56;Gut
16.11.1965;;56;Gut
17.11.1965;;54;Gut
18.11.1965;;54;Gut
19.11.1965;;56;Gut
20.11.1965;;56;Gut
21.11.1965;;58;Gut
22.11.1965;;58;Gut
23.11.1965;;60;Gut
24.11.1965;;61;Gut
25.11.1965;;62;Gut
26.11.1965;;62;Gut
27.11.1965;;62;Gut
28.11.1965;;67;Gut
29.11.1965;;68;Gut
30.11.1965;;68;Gut
01.12.1965;;69;Gut
02.12.1965;;72;Gut
03.12.1965;;75;Gut
04.12.1965;;74;Gut
05.12.1965;;72;Gut
06.12.1965;;72;Gut
07.12.1965;;70;Gut
08.12.1965;;70;Gut
09.12.1965;;71;Gut
10.12.1965;;71;Gut
11.12.1965;;72;Gut
12.12.1965;;72;Gut
13.12.1965;;70;Gut
14.12.1965;;70;Gut
15.12.1965;;55;Gut
16.12.1965;;55;Gut
17.12.1965;;55;Gut
18.12.1965;;58;Gut
19.12.1965;;60;Gut
20.12.1965;;59;Gut
21.12.1965;;58;Gut
22.12.1965;;57;Gut
23.12.1965;;55;Gut
24.12.1965;;55;Gut
25.12.1965;;55;Gut
26.12.1965;;54;Gut
27.12.1965;;52;Gut
28.12.1965;;52;Gut
29.12.1965;;53;Gut
30.12.1965;;53;Gut
31.12.1965;;55;Gut
01.01.1966;;56;Gut
02.01.1966;;58;Gut
03.01.1966;;60;Gut
04.01.1966;;58;Gut
05.01.1966;;57;Gut
06.01.1966;;54;Gut
07.01.1966;;54;Gut
08.01.1966;;53;Gut
09.01.1966;;53;Gut
10.01.1966;;50;Gut
11.01.1966;;50;Gut
12.01.1966;;50;Gut
13.01.1966;;50;Gut
14.01.1966;;50;Gut
15.01.1966;;50;Gut
16.01.1966;;50;Gut
17.01.1966;;54;Gut
18.01.1966;;56;Gut
19.01.1966;;58;Gut
20.01.1966;;60;Gut
21.01.1966;;58;Gut
22.01.1966;;55;Gut
23.01.1966;;53;Gut
24.01.1966;;50;Gut
25.01.1966;;48;Gut
26.01.1966;;46;Gut
27.01.1966;;44;Gut
28.01.1966;;42;Gut
29.01.1966;;42;Gut
30.01.1966;;46;Gut
31.01.1966;;51;Gut
01.02.1966;;51;Gut
02.02.1966;;54;Gut
03.02.1966;;57;Gut
04.02.1966;;59;Gut
05.02.1966;;60;Gut
06.02.1966;;68;Gut
07.02.1966;;70;Gut
08.02.1966;;72;Gut
09.02.1966;;72;Gut
10.02.1966;;72;Gut
11.02.1966;;71;Gut
12.02.1966;;71;Gut
13.02.1966;;70;Gut
14.02.1966;;70;Gut
15.02.1966;;60;Gut
16.02.1966;;60;Gut
17.02.1966;;60;Gut
18.02.1966;;59;Gut
19.02.1966;;58;Gut
20.02.1966;;60;Gut
21.02.1966;;65;Gut
22.02.1966;;66;Gut
23.02.1966;;70;Gut
24.02.1966;;70;Gut
25.02.1966;;68;Gut
26.02.1966;;68;Gut
27.02.1966;;68;Gut
28.02.1966;;68;Gut
01.03.1966;;68;Gut
02.03.1966;;68;Gut
03.03.1966;;67;Gut
04.03.1966;;68;Gut
05.03.1966;;66;Gut
06.03.1966;;66;Gut
07.03.1966;;60;Gut
08.03.1966;;58;Gut
09.03.1966;;56;Gut
10.03.1966;;53;Gut
11.03.1966;;53;Gut
12.03.1966;;53;Gut
13.03.1966;;53;Gut
14.03.1966;;54;Gut
15.03.1966;;63;Gut
16.03.1966;;62;Gut
17.03.1966;;62;Gut
18.03.1966;;56;Gut
19.03.1966;;56;Gut
20.03.1966;;56;Gut
21.03.1966;;58;Gut
22.03.1966;;59;Gut
23.03.1966;;54;Gut
24.03.1966;;55;Gut
25.03.1966;;55;Gut
26.03.1966;;55;Gut
27.03.1966;;55;Gut
28.03.1966;;56;Gut
29.03.1966;;57;Gut
30.03.1966;;57;Gut
31.03.1966;;58;Gut
01.04.1966;;57;Gut
02.04.1966;;54;Gut
03.04.1966;;55;Gut
04.04.1966;;54;Gut
05.04.1966;;52;Gut
06.04.1966;;52;Gut
07.04.1966;;52;Gut
08.04.1966;;50;Gut
09.04.1966;;50;Gut
10.04.1966;;50;Gut
11.04.1966;;49;Gut
12.04.1966;;49;Gut
13.04.1966;;48;Gut
14.04.1966;;46;Gut
15.04.1966;;46;Gut
16.04.1966;;50;Gut
17.04.1966;;52;Gut
18.04.1966;;56;Gut
19.04.1966;;57;Gut
20.04.1966;;56;Gut
21.04.1966;;50;Gut
22.04.1966;;47;Gut
23.04.1966;;46;Gut
24.04.1966;;46;Gut
25.04.1966;;46;Gut
26.04.1966;;46;Gut
27.04.1966;;44;Gut
28.04.1966;;42;Gut
29.04.1966;;40;Gut
30.04.1966;;40;Gut
01.05.1966;;40;Gut
02.05.1966;;40;Gut
03.05.1966;;39;Gut
04.05.1966;;39;Gut
05.05.1966;;39;Gut
06.05.1966;;39;Gut
07.05.1966;;39;Gut
08.05.1966;;44;Gut
09.05.1966;;46;Gut
10.05.1966;;42;Gut
11.05.1966;;44;Gut
12.05.1966;;47;Gut
13.05.1966;;45;Gut
14.05.1966;;42;Gut
15.05.1966;;42;Gut
16.05.1966;;42;Gut
17.05.1966;;40;Gut
18.05.1966;;39;Gut
19.05.1966;;40;Gut
20.05.1966;;39;Gut
21.05.1966;;39;Gut
22.05.1966;;39;Gut
23.05.1966;;39;Gut
24.05.1966;;39;Gut
25.05.1966;;42;Gut
26.05.1966;;42;Gut
27.05.1966;;42;Gut
28.05.1966;;42;Gut
29.05.1966;;40;Gut
30.05.1966;;39;Gut
31.05.1966;;38;Gut
01.06.1966;;38;Gut
02.06.1966;;35;Gut
03.06.1966;;35;Gut
04.06.1966;;35;Gut
05.06.1966;;35;Gut
06.06.1966;;34;Gut
07.06.1966;;32;Gut
08.06.1966;;31;Gut
09.06.1966;;31;Gut
10.06.1966;;31;Gut
11.06.1966;;32;Gut
12.06.1966;;32;Gut
13.06.1966;;33;Gut
14.06.1966;;33;Gut
15.06.1966;;34;Gut
16.06.1966;;35;Gut
17.06.1966;;35;Gut
18.06.1966;;35;Gut
19.06.1966;;36;Gut
20.06.1966;;36;Gut
21.06.1966;;40;Gut
22.06.1966;;42;Gut
23.06.1966;;42;Gut
24.06.1966;;44;Gut
25.06.1966;;44;Gut
26.06.1966;;45;Gut
27.06.1966;;48;Gut
28.06.1966;;48;Gut
29.06.1966;;50;Gut
30.06.1966;;58;Gut
01.07.1966;;62;Gut
02.07.1966;;60;Gut
03.07.1966;;61;Gut
04.07.1966;;57;Gut
05.07.1966;;60;Gut
06.07.1966;;62;Gut
07.07.1966;;61;Gut
08.07.1966;;60;Gut
09.07.1966;;60;Gut
10.07.1966;;62;Gut
11.07.1966;;65;Gut
12.07.1966;;66;Gut
13.07.1966;;68;Gut
14.07.1966;;67;Gut
15.07.1966;;68;Gut
16.07.1966;;68;Gut
17.07.1966;;68;Gut
18.07.1966;;67;Gut
19.07.1966;;68;Gut
20.07.1966;;78;Gut
21.07.1966;;78;Gut
22.07.1966;;88;Gut
23.07.1966;;93;Gut
24.07.1966;;86;Gut
25.07.1966;;85;Gut
26.07.1966;;85;Gut
27.07.1966;;83;Gut
28.07.1966;;82;Gut
29.07.1966;;80;Gut
30.07.1966;;78;Gut
31.07.1966;;78;Gut
01.08.1966;;76;Gut
02.08.1966;;78;Gut
03.08.1966;;64;Gut
04.08.1966;;50;Gut
05.08.1966;;49;Gut
06.08.1966;;48;Gut
07.08.1966;;48;Gut
08.08.1966;;49;Gut
09.08.1966;;50;Gut
10.08.1966;;54;Gut
11.08.1966;;54;Gut
12.08.1966;;53;Gut
13.08.1966;;54;Gut
14.08.1966;;56;Gut
15.08.1966;;53;Gut
16.08.1966;;53;Gut
17.08.1966;;55;Gut
18.08.1966;;56;Gut
19.08.1966;;57;Gut
20.08.1966;;58;Gut
21.08.1966;;59;Gut
22.08.1966;;61;Gut
23.08.1966;;65;Gut
24.08.1966;;68;Gut
25.08.1966;;70;Gut
26.08.1966;;70;Gut
27.08.1966;;68;Gut
28.08.1966;;68;Gut
29.08.1966;;67;Gut
30.08.1966;;70;Gut
31.08.1966;;74;Gut
01.09.1966;;83;Gut
02.09.1966;;83;Gut
03.09.1966;;82;Gut
04.09.1966;;80;Gut
05.09.1966;;80;Gut
06.09.1966;;80;Gut
07.09.1966;;80;Gut
08.09.1966;;80;Gut
09.09.1966;;80;Gut
10.09.1966;;82;Gut
11.09.1966;;84;Gut
12.09.1966;;84;Gut
13.09.1966;;83;Gut
14.09.1966;;86;Gut
15.09.1966;;70;Gut
16.09.1966;;68;Gut
17.09.1966;;64;Gut
18.09.1966;;60;Gut
19.09.1966;;58;Gut
20.09.1966;;58;Gut
21.09.1966;;58;Gut
22.09.1966;;58;Gut
23.09.1966;;59;Gut
24.09.1966;;60;Gut
25.09.1966;;60;Gut
26.09.1966;;60;Gut
27.09.1966;;59;Gut
28.09.1966;;57;Gut
29.09.1966;;57;Gut
30.09.1966;;58;Gut
01.10.1966;;58;Gut
02.10.1966;;58;Gut
03.10.1966;;58;Gut
04.10.1966;;58;Gut
05.10.1966;;57;Gut
06.10.1966;;57;Gut
07.10.1966;;58;Gut
08.10.1966;;60;Gut
09.10.1966;;58;Gut
10.10.1966;;58;Gut
11.10.1966;;60;Gut
12.10.1966;;62;Gut
13.10.1966;;62;Gut
14.10.1966;;63;Gut
15.10.1966;;64;Gut
16.10.1966;;63;Gut
17.10.1966;;63;Gut
18.10.1966;;62;Gut
19.10.1966;;60;Gut
20.10.1966;;60;Gut
21.10.1966;;60;Gut
22.10.1966;;60;Gut
23.10.1966;;62;Gut
24.10.1966;;64;Gut
25.10.1966;;66;Gut
26.10.1966;;66;Gut
27.10.1966;;67;Gut
28.10.1966;;67;Gut
29.10.1966;;65;Gut
30.10.1966;;63;Gut
31.10.1966;;60;Gut
01.11.1966;;60;Gut
02.11.1966;;60;Gut
03.11.1966;;58;Gut
04.11.1966;;60;Gut
05.11.1966;;60;Gut
06.11.1966;;60;Gut
07.11.1966;;59;Gut
08.11.1966;;59;Gut
09.11.1966;;59;Gut
10.11.1966;;58;Gut
11.11.1966;;57;Gut
12.11.1966;;58;Gut
13.11.1966;;58;Gut
14.11.1966;;57;Gut
15.11.1966;;58;Gut
16.11.1966;;58;Gut
17.11.1966;;58;Gut
18.11.1966;;58;Gut
19.11.1966;;59;Gut
20.11.1966;;61;Gut
21.11.1966;;60;Gut
22.11.1966;;59;Gut
23.11.1966;;59;Gut
24.11.1966;;60;Gut
25.11.1966;;60;Gut
26.11.1966;;59;Gut
27.11.1966;;58;Gut
28.11.1966;;59;Gut
29.11.1966;;60;Gut
30.11.1966;;60;Gut
01.12.1966;;60;Gut
02.12.1966;;60;Gut
03.12.1966;;60;Gut
04.12.1966;;59;Gut
05.12.1966;;58;Gut
06.12.1966;;58;Gut
07.12.1966;;58;Gut
08.12.1966;;58;Gut
09.12.1966;;58;Gut
10.12.1966;;58;Gut
11.12.1966;;59;Gut
12.12.1966;;59;Gut
13.12.1966;;60;Gut
14.12.1966;;62;Gut
15.12.1966;;60;Gut
16.12.1966;;60;Gut
17.12.1966;;60;Gut
18.12.1966;;60;Gut
19.12.1966;;60;Gut
20.12.1966;;62;Gut
21.12.1966;;66;Gut
22.12.1966;;70;Gut
23.12.1966;;68;Gut
24.12.1966;;67;Gut
25.12.1966;;67;Gut
26.12.1966;;66;Gut
27.12.1966;;65;Gut
28.12.1966;;61;Gut
29.12.1966;;60;Gut
30.12.1966;;71;Gut
31.12.1966;;72;Gut
01.01.1967;;73;Gut
02.01.1967;;72;Gut
03.01.1967;;73;Gut
04.01.1967;;72;Gut
05.01.1967;;70;Gut
06.01.1967;;69;Gut
07.01.1967;;68;Gut
08.01.1967;;67;Gut
09.01.1967;;66;Gut
10.01.1967;;68;Gut
11.01.1967;;68;Gut
12.01.1967;;68;Gut
13.01.1967;;68;Gut
14.01.1967;;68;Gut
15.01.1967;;67;Gut
16.01.1967;;68;Gut
17.01.1967;;68;Gut
18.01.1967;;67;Gut
19.01.1967;;66;Gut
20.01.1967;;64;Gut
21.01.1967;;60;Gut
22.01.1967;;59;Gut
23.01.1967;;60;Gut
24.01.1967;;60;Gut
25.01.1967;;62;Gut
26.01.1967;;61;Gut
27.01.1967;;60;Gut
28.01.1967;;62;Gut
29.01.1967;;65;Gut
30.01.1967;;63;Gut
31.01.1967;;70;Gut
01.02.1967;;68;Gut
02.02.1967;;66;Gut
03.02.1967;;72;Gut
04.02.1967;;72;Gut
05.02.1967;;72;Gut
06.02.1967;;72;Gut
07.02.1967;;72;Gut
08.02.1967;;72;Gut
09.02.1967;;71;Gut
10.02.1967;;70;Gut
11.02.1967;;61;Gut
12.02.1967;;59;Gut
13.02.1967;;60;Gut
14.02.1967;;58;Gut
15.02.1967;;55;Gut
16.02.1967;;50;Gut
17.02.1967;;50;Gut
18.02.1967;;51;Gut
19.02.1967;;51;Gut
20.02.1967;;54;Gut
21.02.1967;;56;Gut
22.02.1967;;57;Gut
23.02.1967;;54;Gut
24.02.1967;;59;Gut
25.02.1967;;56;Gut
26.02.1967;;56;Gut
27.02.1967;;54;Gut
28.02.1967;;58;Gut
01.03.1967;;63;Gut
02.03.1967;;66;Gut
03.03.1967;;63;Gut
04.03.1967;;59;Gut
05.03.1967;;67;Gut
06.03.1967;;65;Gut
07.03.1967;;64;Gut
08.03.1967;;63;Gut
09.03.1967;;63;Gut
10.03.1967;;62;Gut
11.03.1967;;61;Gut
12.03.1967;;60;Gut
13.03.1967;;59;Gut
14.03.1967;;56;Gut
15.03.1967;;56;Gut
16.03.1967;;56;Gut
17.03.1967;;62;Gut
18.03.1967;;62;Gut
19.03.1967;;62;Gut
20.03.1967;;62;Gut
21.03.1967;;62;Gut
22.03.1967;;62;Gut
23.03.1967;;62;Gut
24.03.1967;;61;Gut
25.03.1967;;59;Gut
26.03.1967;;59;Gut
27.03.1967;;58;Gut
28.03.1967;;58;Gut
29.03.1967;;59;Gut
30.03.1967;;59;Gut
31.03.1967;;57;Gut
01.04.1967;;56;Gut
02.04.1967;;54;Gut
03.04.1967;;52;Gut
04.04.1967;;55;Gut
05.04.1967;;56;Gut
06.04.1967;;57;Gut
07.04.1967;;57;Gut
08.04.1967;;56;Gut
09.04.1967;;56;Gut
10.04.1967;;56;Gut
11.04.1967;;55;Gut
12.04.1967;;53;Gut
13.04.1967;;52;Gut
14.04.1967;;52;Gut
15.04.1967;;52;Gut
16.04.1967;;51;Gut
17.04.1967;;51;Gut
18.04.1967;;50;Gut
19.04.1967;;50;Gut
20.04.1967;;48;Gut
21.04.1967;;49;Gut
22.04.1967;;50;Gut
23.04.1967;;48;Gut
24.04.1967;;48;Gut
25.04.1967;;46;Gut
26.04.1967;;44;Gut
27.04.1967;;44;Gut
28.04.1967;;44;Gut
29.04.1967;;44;Gut
30.04.1967;;44;Gut
01.05.1967;;44;Gut
02.05.1967;;44;Gut
03.05.1967;;44;Gut
04.05.1967;;44;Gut
05.05.1967;;44;Gut
06.05.1967;;40;Gut
07.05.1967;;40;Gut
08.05.1967;;38;Gut
09.05.1967;;38;Gut
10.05.1967;;38;Gut
11.05.1967;;36;Gut
12.05.1967;;35;Gut
13.05.1967;;35;Gut
14.05.1967;;38;Gut
15.05.1967;;41;Gut
16.05.1967;;41;Gut
17.05.1967;;38;Gut
18.05.1967;;40;Gut
19.05.1967;;44;Gut
20.05.1967;;42;Gut
21.05.1967;;40;Gut
22.05.1967;;38;Gut
23.05.1967;;38;Gut
24.05.1967;;35;Gut
25.05.1967;;35;Gut
26.05.1967;;38;Gut
27.05.1967;;42;Gut
28.05.1967;;42;Gut
29.05.1967;;42;Gut
30.05.1967;;44;Gut
31.05.1967;;44;Gut
01.06.1967;;43;Gut
02.06.1967;;42;Gut
03.06.1967;;40;Gut
04.06.1967;;40;Gut
05.06.1967;;38;Gut
06.06.1967;;38;Gut
07.06.1967;;40;Gut
08.06.1967;;40;Gut
09.06.1967;;40;Gut
10.06.1967;;40;Gut
11.06.1967;;42;Gut
12.06.1967;;44;Gut
13.06.1967;;48;Gut
14.06.1967;;48;Gut
15.06.1967;;52;Gut
16.06.1967;;55;Gut
17.06.1967;;58;Gut
18.06.1967;;58;Gut
19.06.1967;;59;Gut
20.06.1967;;62;Gut
21.06.1967;;65;Gut
22.06.1967;;67;Gut
23.06.1967;;67;Gut
24.06.1967;;68;Gut
25.06.1967;;72;Gut
26.06.1967;;72;Gut
27.06.1967;;72;Gut
28.06.1967;;72;Gut
29.06.1967;;74;Gut
30.06.1967;;74;Gut
01.07.1967;;76;Gut
02.07.1967;;76;Gut
03.07.1967;;76;Gut
04.07.1967;;82;Gut
05.07.1967;;81;Gut
06.07.1967;;78;Gut
07.07.1967;;74;Gut
08.07.1967;;78;Gut
09.07.1967;;82;Gut
10.07.1967;;82;Gut
11.07.1967;;79;Gut
12.07.1967;;79;Gut
13.07.1967;;77;Gut
14.07.1967;;73;Gut
15.07.1967;;74;Gut
16.07.1967;;76;Gut
17.07.1967;;73;Gut
18.07.1967;;72;Gut
19.07.1967;;69;Gut
20.07.1967;;53;Gut
21.07.1967;;46;Gut
22.07.1967;;40;Gut
23.07.1967;;34;Gut
24.07.1967;;37;Gut
25.07.1967;;38;Gut
26.07.1967;;39;Gut
27.07.1967;;38;Gut
28.07.1967;;38;Gut
29.07.1967;;35;Gut
30.07.1967;;34;Gut
31.07.1967;;34;Gut
01.08.1967;;34;Gut
02.08.1967;;32;Gut
03.08.1967;;48;Gut
04.08.1967;;49;Gut
05.08.1967;;48;Gut
06.08.1967;;46;Gut
07.08.1967;;44;Gut
08.08.1967;;42;Gut
09.08.1967;;40;Gut
10.08.1967;;48;Gut
11.08.1967;;52;Gut
12.08.1967;;50;Gut
13.08.1967;;50;Gut
14.08.1967;;48;Gut
15.08.1967;;49;Gut
16.08.1967;;50;Gut
17.08.1967;;55;Gut
18.08.1967;;50;Gut
19.08.1967;;52;Gut
20.08.1967;;52;Gut
21.08.1967;;55;Gut
22.08.1967;;58;Gut
23.08.1967;;56;Gut
24.08.1967;;55;Gut
25.08.1967;;54;Gut
26.08.1967;;54;Gut
27.08.1967;;54;Gut
28.08.1967;;58;Gut
29.08.1967;;58;Gut
30.08.1967;;58;Gut
31.08.1967;;60;Gut
01.09.1967;;60;Gut
02.09.1967;;60;Gut
03.09.1967;;60;Gut
04.09.1967;;60;Gut
05.09.1967;;61;Gut
06.09.1967;;62;Gut
07.09.1967;;69;Gut
08.09.1967;;70;Gut
09.09.1967;;70;Gut
10.09.1967;;72;Gut
11.09.1967;;74;Gut
12.09.1967;;76;Gut
13.09.1967;;82;Gut
14.09.1967;;82;Gut
15.09.1967;;84;Gut
16.09.1967;;82;Gut
17.09.1967;;79;Gut
18.09.1967;;78;Gut
19.09.1967;;78;Gut
20.09.1967;;77;Gut
21.09.1967;;78;Gut
22.09.1967;;86;Gut
23.09.1967;;85;Gut
24.09.1967;;82;Gut
25.09.1967;;79;Gut
26.09.1967;;78;Gut
27.09.1967;;76;Gut
28.09.1967;;74;Gut
29.09.1967;;72;Gut
30.09.1967;;72;Gut
01.10.1967;;76;Gut
02.10.1967;;78;Gut
03.10.1967;;76;Gut
04.10.1967;;76;Gut
05.10.1967;;80;Gut
06.10.1967;;81;Gut
07.10.1967;;78;Gut
08.10.1967;;76;Gut
09.10.1967;;75;Gut
10.10.1967;;75;Gut
11.10.1967;;75;Gut
12.10.1967;;74;Gut
13.10.1967;;71;Gut
14.10.1967;;75;Gut
15.10.1967;;75;Gut
16.10.1967;;75;Gut
17.10.1967;;75;Gut
18.10.1967;;75;Gut
19.10.1967;;75;Gut
20.10.1967;;75;Gut
21.10.1967;;78;Gut
22.10.1967;;78;Gut
23.10.1967;;77;Gut
24.10.1967;;72;Gut
25.10.1967;;79;Gut
26.10.1967;;78;Gut
27.10.1967;;79;Gut
28.10.1967;;80;Gut
29.10.1967;;82;Gut
30.10.1967;;80;Gut
31.10.1967;;78;Gut
01.11.1967;;---;fehlend
02.11.1967;;---;fehlend
03.11.1967;;---;fehlend
04.11.1967;;---;fehlend
05.11.1967;;---;fehlend
06.11.1967;;---;fehlend
07.11.1967;;---;fehlend
08.11.1967;;---;fehlend
09.11.1967;;---;fehlend
10.11.1967;;---;fehlend
11.11.1967;;---;fehlend
12.11.1967;;---;fehlend
13.11.1967;;---;fehlend
14.11.1967;;---;fehlend
15.11.1967;;---;fehlend
16.11.1967;;---;fehlend
17.11.1967;;---;fehlend
18.11.1967;;---;fehlend
19.11.1967;;---;fehlend
20.11.1967;;---;fehlend
21.11.1967;;---;fehlend
22.11.1967;;---;fehlend
23.11.1967;;---;fehlend
24.11.1967;;---;fehlend
25.11.1967;;---;fehlend
26.11.1967;;---;fehlend
27.11.1967;;---;fehlend
28.11.1967;;---;fehlend
29.11.1967;;---;fehlend
30.11.1967;;---;fehlend
01.12.1967;;---;fehlend
02.12.1967;;---;fehlend
03.12.1967;;---;fehlend
04.12.1967;;---;fehlend
05.12.1967;;---;fehlend
06.12.1967;;---;fehlend
07.12.1967;;---;fehlend
08.12.1967;;---;fehlend
09.12.1967;;---;fehlend
10.12.1967;;---;fehlend
11.12.1967;;---;fehlend
12.12.1967;;---;fehlend
13.12.1967;;---;fehlend
14.12.1967;;---;fehlend
15.12.1967;;---;fehlend
16.12.1967;;---;fehlend
17.12.1967;;---;fehlend
18.12.1967;;---;fehlend
19.12.1967;;---;fehlend
20.12.1967;;---;fehlend
21.12.1967;;---;fehlend
22.12.1967;;---;fehlend
23.12.1967;;---;fehlend
24.12.1967;;---;fehlend
25.12.1967;;---;fehlend
26.12.1967;;---;fehlend
27.12.1967;;---;fehlend
28.12.1967;;---;fehlend
29.12.1967;;---;fehlend
30.12.1967;;---;fehlend
31.12.1967;;---;fehlend
01.01.1968;;---;fehlend
02.01.1968;;---;fehlend
03.01.1968;;---;fehlend
04.01.1968;;---;fehlend
05.01.1968;;---;fehlend
06.01.1968;;---;fehlend
07.01.1968;;---;fehlend
08.01.1968;;---;fehlend
09.01.1968;;---;fehlend
10.01.1968;;---;fehlend
11.01.1968;;---;fehlend
12.01.1968;;---;fehlend
13.01.1968;;---;fehlend
14.01.1968;;---;fehlend
15.01.1968;;---;fehlend
16.01.1968;;---;fehlend
17.01.1968;;---;fehlend
18.01.1968;;---;fehlend
19.01.1968;;---;fehlend
20.01.1968;;---;fehlend
21.01.1968;;---;fehlend
22.01.1968;;---;fehlend
23.01.1968;;---;fehlend
24.01.1968;;---;fehlend
25.01.1968;;---;fehlend
26.01.1968;;---;fehlend
27.01.1968;;---;fehlend
28.01.1968;;---;fehlend
29.01.1968;;---;fehlend
30.01.1968;;---;fehlend
31.01.1968;;---;fehlend
01.02.1968;;---;fehlend
02.02.1968;;---;fehlend
03.02.1968;;---;fehlend
04.02.1968;;---;fehlend
05.02.1968;;---;fehlend
06.02.1968;;---;fehlend
07.02.1968;;---;fehlend
08.02.1968;;---;fehlend
09.02.1968;;---;fehlend
10.02.1968;;---;fehlend
11.02.1968;;---;fehlend
12.02.1968;;---;fehlend
13.02.1968;;---;fehlend
14.02.1968;;---;fehlend
15.02.1968;;---;fehlend
16.02.1968;;---;fehlend
17.02.1968;;---;fehlend
18.02.1968;;---;fehlend
19.02.1968;;---;fehlend
20.02.1968;;---;fehlend
21.02.1968;;---;fehlend
22.02.1968;;---;fehlend
23.02.1968;;---;fehlend
24.02.1968;;---;fehlend
25.02.1968;;---;fehlend
26.02.1968;;---;fehlend
27.02.1968;;---;fehlend
28.02.1968;;---;fehlend
29.02.1968;;---;fehlend
01.03.1968;;---;fehlend
02.03.1968;;---;fehlend
03.03.1968;;---;fehlend
04.03.1968;;---;fehlend
05.03.1968;;---;fehlend
06.03.1968;;---;fehlend
07.03.1968;;---;fehlend
08.03.1968;;---;fehlend
09.03.1968;;---;fehlend
10.03.1968;;---;fehlend
11.03.1968;;---;fehlend
12.03.1968;;---;fehlend
13.03.1968;;---;fehlend
14.03.1968;;---;fehlend
15.03.1968;;---;fehlend
16.03.1968;;---;fehlend
17.03.1968;;---;fehlend
18.03.1968;;---;fehlend
19.03.1968;;---;fehlend
20.03.1968;;---;fehlend
21.03.1968;;---;fehlend
22.03.1968;;---;fehlend
23.03.1968;;---;fehlend
24.03.1968;;---;fehlend
25.03.1968;;---;fehlend
26.03.1968;;---;fehlend
27.03.1968;;---;fehlend
28.03.1968;;---;fehlend
29.03.1968;;---;fehlend
30.03.1968;;---;fehlend
31.03.1968;;---;fehlend
01.04.1968;;50;Gut
02.04.1968;;48;Gut
03.04.1968;;47;Gut
04.04.1968;;46;Gut
05.04.1968;;46;Gut
06.04.1968;;47;Gut
07.04.1968;;47;Gut
08.04.1968;;47;Gut
09.04.1968;;46;Gut
10.04.1968;;46;Gut
11.04.1968;;45;Gut
12.04.1968;;45;Gut
13.04.1968;;44;Gut
14.04.1968;;45;Gut
15.04.1968;;44;Gut
16.04.1968;;43;Gut
17.04.1968;;42;Gut
18.04.1968;;40;Gut
19.04.1968;;40;Gut
20.04.1968;;39;Gut
21.04.1968;;38;Gut
22.04.1968;;38;Gut
23.04.1968;;38;Gut
24.04.1968;;38;Gut
25.04.1968;;38;Gut
26.04.1968;;38;Gut
27.04.1968;;38;Gut
28.04.1968;;38;Gut
29.04.1968;;38;Gut
30.04.1968;;39;Gut
01.05.1968;;40;Gut
02.05.1968;;40;Gut
03.05.1968;;40;Gut
04.05.1968;;42;Gut
05.05.1968;;42;Gut
06.05.1968;;42;Gut
07.05.1968;;46;Gut
08.05.1968;;46;Gut
09.05.1968;;47;Gut
10.05.1968;;48;Gut
11.05.1968;;50;Gut
12.05.1968;;50;Gut
13.05.1968;;52;Gut
14.05.1968;;56;Gut
15.05.1968;;58;Gut
16.05.1968;;60;Gut
17.05.1968;;62;Gut
18.05.1968;;64;Gut
19.05.1968;;64;Gut
20.05.1968;;62;Gut
21.05.1968;;62;Gut
22.05.1968;;60;Gut
23.05.1968;;55;Gut
24.05.1968;;52;Gut
25.05.1968;;52;Gut
26.05.1968;;52;Gut
27.05.1968;;52;Gut
28.05.1968;;52;Gut
29.05.1968;;51;Gut
30.05.1968;;51;Gut
31.05.1968;;50;Gut
01.06.1968;;50;Gut
02.06.1968;;51;Gut
03.06.1968;;52;Gut
04.06.1968;;52;Gut
05.06.1968;;52;Gut
06.06.1968;;56;Gut
07.06.1968;;58;Gut
08.06.1968;;38;Gut
09.06.1968;;38;Gut
10.06.1968;;40;Gut
11.06.1968;;40;Gut
12.06.1968;;40;Gut
13.06.1968;;40;Gut
14.06.1968;;39;Gut
15.06.1968;;39;Gut
16.06.1968;;38;Gut
17.06.1968;;38;Gut
18.06.1968;;38;Gut
19.06.1968;;38;Gut
20.06.1968;;39;Gut
21.06.1968;;39;Gut
22.06.1968;;40;Gut
23.06.1968;;40;Gut
24.06.1968;;40;Gut
25.06.1968;;40;Gut
26.06.1968;;40;Gut
27.06.1968;;40;Gut
28.06.1968;;40;Gut
29.06.1968;;39;Gut
30.06.1968;;39;Gut
01.07.1968;;38;Gut
02.07.1968;;38;Gut
03.07.1968;;38;Gut
04.07.1968;;38;Gut
05.07.1968;;38;Gut
06.07.1968;;38;Gut
07.07.1968;;38;Gut
08.07.1968;;38;Gut
09.07.1968;;38;Gut
10.07.1968;;38;Gut
11.07.1968;;38;Gut
12.07.1968;;38;Gut
13.07.1968;;38;Gut
14.07.1968;;38;Gut
15.07.1968;;38;Gut
16.07.1968;;38;Gut
17.07.1968;;38;Gut
18.07.1968;;38;Gut
19.07.1968;;38;Gut
20.07.1968;;38;Gut
21.07.1968;;38;Gut
22.07.1968;;38;Gut
23.07.1968;;38;Gut
24.07.1968;;38;Gut
25.07.1968;;28;Gut
26.07.1968;;28;Gut
27.07.1968;;28;Gut
28.07.1968;;28;Gut
29.07.1968;;28;Gut
30.07.1968;;28;Gut
31.07.1968;;28;Gut
01.08.1968;;28;Gut
02.08.1968;;28;Gut
03.08.1968;;28;Gut
04.08.1968;;28;Gut
05.08.1968;;28;Gut
06.08.1968;;28;Gut
07.08.1968;;28;Gut
08.08.1968;;28;Gut
09.08.1968;;28;Gut
10.08.1968;;28;Gut
11.08.1968;;28;Gut
12.08.1968;;28;Gut
13.08.1968;;28;Gut
14.08.1968;;28;Gut
15.08.1968;;28;Gut
16.08.1968;;30;Gut
17.08.1968;;30;Gut
18.08.1968;;30;Gut
19.08.1968;;30;Gut
20.08.1968;;30;Gut
21.08.1968;;28;Gut
22.08.1968;;28;Gut
23.08.1968;;28;Gut
24.08.1968;;30;Gut
25.08.1968;;32;Gut
26.08.1968;;32;Gut
27.08.1968;;32;Gut
28.08.1968;;30;Gut
29.08.1968;;30;Gut
30.08.1968;;32;Gut
31.08.1968;;36;Gut
01.09.1968;;36;Gut
02.09.1968;;38;Gut
03.09.1968;;38;Gut
04.09.1968;;40;Gut
05.09.1968;;45;Gut
06.09.1968;;50;Gut
07.09.1968;;52;Gut
08.09.1968;;52;Gut
09.09.1968;;52;Gut
10.09.1968;;52;Gut
11.09.1968;;48;Gut
12.09.1968;;46;Gut
13.09.1968;;45;Gut
14.09.1968;;48;Gut
15.09.1968;;52;Gut
16.09.1968;;53;Gut
17.09.1968;;55;Gut
18.09.1968;;58;Gut
19.09.1968;;56;Gut
20.09.1968;;56;Gut
21.09.1968;;55;Gut
22.09.1968;;55;Gut
23.09.1968;;55;Gut
24.09.1968;;54;Gut
25.09.1968;;54;Gut
26.09.1968;;55;Gut
27.09.1968;;54;Gut
28.09.1968;;52;Gut
29.09.1968;;52;Gut
30.09.1968;;52;Gut
01.10.1968;;54;Gut
02.10.1968;;54;Gut
03.10.1968;;54;Gut
04.10.1968;;54;Gut
05.10.1968;;54;Gut
06.10.1968;;54;Gut
07.10.1968;;56;Gut
08.10.1968;;56;Gut
09.10.1968;;54;Gut
10.10.1968;;52;Gut
11.10.1968;;52;Gut
12.10.1968;;54;Gut
13.10.1968;;54;Gut
14.10.1968;;56;Gut
15.10.1968;;60;Gut
16.10.1968;;63;Gut
17.10.1968;;63;Gut
18.10.1968;;62;Gut
19.10.1968;;60;Gut
20.10.1968;;58;Gut
21.10.1968;;56;Gut
22.10.1968;;60;Gut
23.10.1968;;62;Gut
24.10.1968;;62;Gut
25.10.1968;;61;Gut
26.10.1968;;61;Gut
27.10.1968;;61;Gut
28.10.1968;;61;Gut
29.10.1968;;56;Gut
30.10.1968;;56;Gut
31.10.1968;;56;Gut
01.11.1968;;52;Gut
02.11.1968;;52;Gut
03.11.1968;;53;Gut
04.11.1968;;52;Gut
05.11.1968;;51;Gut
06.11.1968;;51;Gut
07.11.1968;;50;Gut
08.11.1968;;50;Gut
09.11.1968;;50;Gut
10.11.1968;;51;Gut
11.11.1968;;56;Gut
12.11.1968;;58;Gut
13.11.1968;;61;Gut
14.11.1968;;64;Gut
15.11.1968;;64;Gut
16.11.1968;;64;Gut
17.11.1968;;64;Gut
18.11.1968;;64;Gut
19.11.1968;;64;Gut
20.11.1968;;64;Gut
21.11.1968;;70;Gut
22.11.1968;;70;Gut
23.11.1968;;68;Gut
24.11.1968;;68;Gut
25.11.1968;;64;Gut
26.11.1968;;64;Gut
27.11.1968;;68;Gut
28.11.1968;;65;Gut
29.11.1968;;64;Gut
30.11.1968;;60;Gut
01.12.1968;;54;Gut
02.12.1968;;54;Gut
03.12.1968;;58;Gut
04.12.1968;;60;Gut
05.12.1968;;60;Gut
06.12.1968;;58;Gut
07.12.1968;;58;Gut
08.12.1968;;58;Gut
09.12.1968;;58;Gut
10.12.1968;;56;Gut
11.12.1968;;54;Gut
12.12.1968;;55;Gut
13.12.1968;;55;Gut
14.12.1968;;54;Gut
15.12.1968;;54;Gut
16.12.1968;;54;Gut
17.12.1968;;53;Gut
18.12.1968;;53;Gut
19.12.1968;;53;Gut
20.12.1968;;52;Gut
21.12.1968;;52;Gut
22.12.1968;;52;Gut
23.12.1968;;51;Gut
24.12.1968;;51;Gut
25.12.1968;;51;Gut
26.12.1968;;51;Gut
27.12.1968;;50;Gut
28.12.1968;;51;Gut
29.12.1968;;52;Gut
30.12.1968;;54;Gut
31.12.1968;;56;Gut
01.01.1969;;58;Gut
02.01.1969;;58;Gut
03.01.1969;;56;Gut
04.01.1969;;54;Gut
05.01.1969;;54;Gut
06.01.1969;;54;Gut
07.01.1969;;56;Gut
08.01.1969;;56;Gut
09.01.1969;;56;Gut
10.01.1969;;56;Gut
11.01.1969;;54;Gut
12.01.1969;;52;Gut
13.01.1969;;48;Gut
14.01.1969;;48;Gut
15.01.1969;;49;Gut
16.01.1969;;49;Gut
17.01.1969;;50;Gut
18.01.1969;;51;Gut
19.01.1969;;52;Gut
20.01.1969;;52;Gut
21.01.1969;;54;Gut
22.01.1969;;54;Gut
23.01.1969;;54;Gut
24.01.1969;;54;Gut
25.01.1969;;54;Gut
26.01.1969;;54;Gut
27.01.1969;;54;Gut
28.01.1969;;54;Gut
29.01.1969;;56;Gut
30.01.1969;;56;Gut
31.01.1969;;54;Gut
01.02.1969;;56;Gut
02.02.1969;;56;Gut
03.02.1969;;56;Gut
04.02.1969;;56;Gut
05.02.1969;;50;Gut
06.02.1969;;48;Gut
07.02.1969;;48;Gut
08.02.1969;;48;Gut
09.02.1969;;48;Gut
10.02.1969;;40;Gut
11.02.1969;;47;Gut
12.02.1969;;47;Gut
13.02.1969;;47;Gut
14.02.1969;;47;Gut
15.02.1969;;47;Gut
16.02.1969;;47;Gut
17.02.1969;;47;Gut
18.02.1969;;47;Gut
19.02.1969;;50;Gut
20.02.1969;;52;Gut
21.02.1969;;52;Gut
22.02.1969;;54;Gut
23.02.1969;;55;Gut
24.02.1969;;56;Gut
25.02.1969;;52;Gut
26.02.1969;;52;Gut
27.02.1969;;52;Gut
28.02.1969;;53;Gut
01.03.1969;;53;Gut
02.03.1969;;53;Gut
03.03.1969;;52;Gut
04.03.1969;;52;Gut
05.03.1969;;52;Gut
06.03.1969;;50;Gut
07.03.1969;;48;Gut
08.03.1969;;48;Gut
09.03.1969;;50;Gut
10.03.1969;;50;Gut
11.03.1969;;52;Gut
12.03.1969;;52;Gut
13.03.1969;;52;Gut
14.03.1969;;52;Gut
15.03.1969;;56;Gut
16.03.1969;;60;Gut
17.03.1969;;58;Gut
18.03.1969;;50;Gut
19.03.1969;;48;Gut
20.03.1969;;42;Gut
21.03.1969;;42;Gut
22.03.1969;;44;Gut
23.03.1969;;58;Gut
24.03.1969;;64;Gut
25.03.1969;;64;Gut
26.03.1969;;64;Gut
27.03.1969;;62;Gut
28.03.1969;;62;Gut
29.03.1969;;60;Gut
30.03.1969;;62;Gut
31.03.1969;;62;Gut
01.04.1969;;67;Gut
02.04.1969;;66;Gut
03.04.1969;;66;Gut
04.04.1969;;66;Gut
05.04.1969;;64;Gut
06.04.1969;;60;Gut
07.04.1969;;58;Gut
08.04.1969;;58;Gut
09.04.1969;;58;Gut
10.04.1969;;56;Gut
11.04.1969;;54;Gut
12.04.1969;;50;Gut
13.04.1969;;50;Gut
14.04.1969;;52;Gut
15.04.1969;;54;Gut
16.04.1969;;62;Gut
17.04.1969;;60;Gut
18.04.1969;;58;Gut
19.04.1969;;60;Gut
20.04.1969;;62;Gut
21.04.1969;;60;Gut
22.04.1969;;60;Gut
23.04.1969;;58;Gut
24.04.1969;;57;Gut
25.04.1969;;57;Gut
26.04.1969;;57;Gut
27.04.1969;;56;Gut
28.04.1969;;59;Gut
29.04.1969;;56;Gut
30.04.1969;;59;Gut
01.05.1969;;59;Gut
02.05.1969;;59;Gut
03.05.1969;;59;Gut
04.05.1969;;60;Gut
05.05.1969;;59;Gut
06.05.1969;;59;Gut
07.05.1969;;59;Gut
08.05.1969;;59;Gut
09.05.1969;;59;Gut
10.05.1969;;56;Gut
11.05.1969;;55;Gut
12.05.1969;;59;Gut
13.05.1969;;56;Gut
14.05.1969;;52;Gut
15.05.1969;;50;Gut
16.05.1969;;46;Gut
17.05.1969;;48;Gut
18.05.1969;;49;Gut
19.05.1969;;48;Gut
20.05.1969;;49;Gut
21.05.1969;;50;Gut
22.05.1969;;50;Gut
23.05.1969;;50;Gut
24.05.1969;;50;Gut
25.05.1969;;48;Gut
26.05.1969;;50;Gut
27.05.1969;;50;Gut
28.05.1969;;48;Gut
29.05.1969;;48;Gut
30.05.1969;;48;Gut
31.05.1969;;47;Gut
01.06.1969;;38;Gut
02.06.1969;;36;Gut
03.06.1969;;36;Gut
04.06.1969;;36;Gut
05.06.1969;;36;Gut
06.06.1969;;36;Gut
07.06.1969;;39;Gut
08.06.1969;;41;Gut
09.06.1969;;40;Gut
10.06.1969;;39;Gut
11.06.1969;;36;Gut
12.06.1969;;41;Gut
13.06.1969;;50;Gut
14.06.1969;;56;Gut
15.06.1969;;58;Gut
16.06.1969;;57;Gut
17.06.1969;;49;Gut
18.06.1969;;40;Gut
19.06.1969;;45;Gut
20.06.1969;;42;Gut
21.06.1969;;42;Gut
22.06.1969;;40;Gut
23.06.1969;;40;Gut
24.06.1969;;45;Gut
25.06.1969;;48;Gut
26.06.1969;;50;Gut
27.06.1969;;50;Gut
28.06.1969;;50;Gut
29.06.1969;;49;Gut
30.06.1969;;48;Gut
01.07.1969;;48;Gut
02.07.1969;;48;Gut
03.07.1969;;49;Gut
04.07.1969;;50;Gut
05.07.1969;;50;Gut
06.07.1969;;52;Gut
07.07.1969;;50;Gut
08.07.1969;;50;Gut
09.07.1969;;50;Gut
10.07.1969;;50;Gut
11.07.1969;;50;Gut
12.07.1969;;50;Gut
13.07.1969;;50;Gut
14.07.1969;;51;Gut
15.07.1969;;51;Gut
16.07.1969;;51;Gut
17.07.1969;;51;Gut
18.07.1969;;51;Gut
19.07.1969;;51;Gut
20.07.1969;;50;Gut
21.07.1969;;50;Gut
22.07.1969;;50;Gut
23.07.1969;;50;Gut
24.07.1969;;48;Gut
25.07.1969;;48;Gut
26.07.1969;;20;Gut
27.07.1969;;20;Gut
28.07.1969;;20;Gut
29.07.1969;;22;Gut
30.07.1969;;23;Gut
31.07.1969;;23;Gut
01.08.1969;;32;Gut
02.08.1969;;32;Gut
03.08.1969;;33;Gut
04.08.1969;;33;Gut
05.08.1969;;33;Gut
06.08.1969;;33;Gut
07.08.1969;;35;Gut
08.08.1969;;38;Gut
09.08.1969;;36;Gut
10.08.1969;;36;Gut
11.08.1969;;34;Gut
12.08.1969;;34;Gut
13.08.1969;;32;Gut
14.08.1969;;31;Gut
15.08.1969;;29;Gut
16.08.1969;;29;Gut
17.08.1969;;29;Gut
18.08.1969;;34;Gut
19.08.1969;;32;Gut
20.08.1969;;32;Gut
21.08.1969;;30;Gut
22.08.1969;;32;Gut
23.08.1969;;33;Gut
24.08.1969;;34;Gut
25.08.1969;;34;Gut
26.08.1969;;34;Gut
27.08.1969;;34;Gut
28.08.1969;;38;Gut
29.08.1969;;46;Gut
30.08.1969;;63;Gut
31.08.1969;;60;Gut
01.09.1969;;58;Gut
02.09.1969;;56;Gut
03.09.1969;;62;Gut
04.09.1969;;62;Gut
05.09.1969;;60;Gut
06.09.1969;;58;Gut
07.09.1969;;58;Gut
08.09.1969;;56;Gut
09.09.1969;;60;Gut
10.09.1969;;68;Gut
11.09.1969;;65;Gut
12.09.1969;;60;Gut
13.09.1969;;58;Gut
14.09.1969;;56;Gut
15.09.1969;;53;Gut
16.09.1969;;46;Gut
17.09.1969;;43;Gut
18.09.1969;;43;Gut
19.09.1969;;43;Gut
20.09.1969;;43;Gut
21.09.1969;;43;Gut
22.09.1969;;44;Gut
23.09.1969;;42;Gut
24.09.1969;;40;Gut
25.09.1969;;40;Gut
26.09.1969;;38;Gut
27.09.1969;;38;Gut
28.09.1969;;36;Gut
29.09.1969;;36;Gut
30.09.1969;;36;Gut
01.10.1969;;36;Gut
02.10.1969;;36;Gut
03.10.1969;;36;Gut
04.10.1969;;36;Gut
05.10.1969;;36;Gut
06.10.1969;;36;Gut
07.10.1969;;35;Gut
08.10.1969;;35;Gut
09.10.1969;;35;Gut
10.10.1969;;35;Gut
11.10.1969;;35;Gut
12.10.1969;;35;Gut
13.10.1969;;34;Gut
14.10.1969;;34;Gut
15.10.1969;;34;Gut
16.10.1969;;35;Gut
17.10.1969;;36;Gut
18.10.1969;;36;Gut
19.10.1969;;36;Gut
20.10.1969;;36;Gut
21.10.1969;;35;Gut
22.10.1969;;34;Gut
23.10.1969;;36;Gut
24.10.1969;;36;Gut
25.10.1969;;36;Gut
26.10.1969;;38;Gut
27.10.1969;;38;Gut
28.10.1969;;38;Gut
29.10.1969;;36;Gut
30.10.1969;;36;Gut
31.10.1969;;36;Gut
01.11.1969;;38;Gut
02.11.1969;;38;Gut
03.11.1969;;38;Gut
04.11.1969;;38;Gut
05.11.1969;;38;Gut
06.11.1969;;38;Gut
07.11.1969;;38;Gut
08.11.1969;;36;Gut
09.11.1969;;34;Gut
10.11.1969;;28;Gut
11.11.1969;;24;Gut
12.11.1969;;24;Gut
13.11.1969;;22;Gut
14.11.1969;;22;Gut
15.11.1969;;22;Gut
16.11.1969;;24;Gut
17.11.1969;;27;Gut
18.11.1969;;26;Gut
19.11.1969;;26;Gut
20.11.1969;;26;Gut
21.11.1969;;26;Gut
22.11.1969;;26;Gut
23.11.1969;;30;Gut
24.11.1969;;31;Gut
25.11.1969;;31;Gut
26.11.1969;;32;Gut
27.11.1969;;30;Gut
28.11.1969;;29;Gut
29.11.1969;;29;Gut
30.11.1969;;29;Gut
01.12.1969;;29;Gut
02.12.1969;;29;Gut
03.12.1969;;29;Gut
04.12.1969;;28;Gut
05.12.1969;;28;Gut
06.12.1969;;28;Gut
07.12.1969;;26;Gut
08.12.1969;;28;Gut
09.12.1969;;29;Gut
10.12.1969;;30;Gut
11.12.1969;;30;Gut
12.12.1969;;30;Gut
13.12.1969;;28;Gut
14.12.1969;;28;Gut
15.12.1969;;29;Gut
16.12.1969;;29;Gut
17.12.1969;;29;Gut
18.12.1969;;28;Gut
19.12.1969;;29;Gut
20.12.1969;;28;Gut
21.12.1969;;28;Gut
22.12.1969;;28;Gut
23.12.1969;;26;Gut
24.12.1969;;27;Gut
25.12.1969;;26;Gut
26.12.1969;;27;Gut
27.12.1969;;26;Gut
28.12.1969;;26;Gut
29.12.1969;;26;Gut
30.12.1969;;26;Gut
31.12.1969;;26;Gut
01.01.1970;;26;Gut
02.01.1970;;26;Gut
03.01.1970;;26;Gut
04.01.1970;;26;Gut
05.01.1970;;26;Gut
06.01.1970;;26;Gut
07.01.1970;;26;Gut
08.01.1970;;26;Gut
09.01.1970;;26;Gut
10.01.1970;;26;Gut
11.01.1970;;26;Gut
12.01.1970;;26;Gut
13.01.1970;;26;Gut
14.01.1970;;26;Gut
15.01.1970;;26;Gut
16.01.1970;;26;Gut
17.01.1970;;26;Gut
18.01.1970;;26;Gut
19.01.1970;;26;Gut
20.01.1970;;26;Gut
21.01.1970;;26;Gut
22.01.1970;;26;Gut
23.01.1970;;26;Gut
24.01.1970;;25;Gut
25.01.1970;;25;Gut
26.01.1970;;24;Gut
27.01.1970;;24;Gut
28.01.1970;;24;Gut
29.01.1970;;24;Gut
30.01.1970;;26;Gut
31.01.1970;;26;Gut
01.02.1970;;26;Gut
02.02.1970;;26;Gut
03.02.1970;;26;Gut
04.02.1970;;26;Gut
05.02.1970;;26;Gut
06.02.1970;;26;Gut
07.02.1970;;26;Gut
08.02.1970;;30;Gut
09.02.1970;;30;Gut
10.02.1970;;26;Gut
11.02.1970;;26;Gut
12.02.1970;;26;Gut
13.02.1970;;26;Gut
14.02.1970;;26;Gut
15.02.1970;;26;Gut
16.02.1970;;26;Gut
17.02.1970;;24;Gut
18.02.1970;;22;Gut
19.02.1970;;22;Gut
20.02.1970;;20;Gut
21.02.1970;;22;Gut
22.02.1970;;26;Gut
23.02.1970;;28;Gut
24.02.1970;;30;Gut
25.02.1970;;28;Gut
26.02.1970;;28;Gut
27.02.1970;;30;Gut
28.02.1970;;30;Gut
01.03.1970;;30;Gut
02.03.1970;;30;Gut
03.03.1970;;28;Gut
04.03.1970;;28;Gut
05.03.1970;;26;Gut
06.03.1970;;26;Gut
07.03.1970;;28;Gut
08.03.1970;;28;Gut
09.03.1970;;26;Gut
10.03.1970;;20;Gut
11.03.1970;;22;Gut
12.03.1970;;26;Gut
13.03.1970;;26;Gut
14.03.1970;;26;Gut
15.03.1970;;26;Gut
16.03.1970;;26;Gut
17.03.1970;;30;Gut
18.03.1970;;50;Gut
19.03.1970;;52;Gut
20.03.1970;;55;Gut
21.03.1970;;56;Gut
22.03.1970;;56;Gut
23.03.1970;;55;Gut
24.03.1970;;55;Gut
25.03.1970;;55;Gut
26.03.1970;;54;Gut
27.03.1970;;46;Gut
28.03.1970;;40;Gut
29.03.1970;;44;Gut
30.03.1970;;44;Gut
31.03.1970;;44;Gut
01.04.1970;;46;Gut
02.04.1970;;46;Gut
03.04.1970;;42;Gut
04.04.1970;;40;Gut
05.04.1970;;35;Gut
06.04.1970;;35;Gut
07.04.1970;;32;Gut
08.04.1970;;35;Gut
09.04.1970;;35;Gut
10.04.1970;;40;Gut
11.04.1970;;42;Gut
12.04.1970;;40;Gut
13.04.1970;;35;Gut
14.04.1970;;38;Gut
15.04.1970;;37;Gut
16.04.1970;;37;Gut
17.04.1970;;37;Gut
18.04.1970;;36;Gut
19.04.1970;;34;Gut
20.04.1970;;36;Gut
21.04.1970;;28;Gut
22.04.1970;;30;Gut
23.04.1970;;30;Gut
24.04.1970;;32;Gut
25.04.1970;;32;Gut
26.04.1970;;32;Gut
27.04.1970;;30;Gut
28.04.1970;;30;Gut
29.04.1970;;32;Gut
30.04.1970;;32;Gut
01.05.1970;;32;Gut
02.05.1970;;30;Gut
03.05.1970;;29;Gut
04.05.1970;;29;Gut
05.05.1970;;28;Gut
06.05.1970;;28;Gut
07.05.1970;;28;Gut
08.05.1970;;28;Gut
09.05.1970;;28;Gut
10.05.1970;;29;Gut
11.05.1970;;29;Gut
12.05.1970;;30;Gut
13.05.1970;;32;Gut
14.05.1970;;30;Gut
15.05.1970;;30;Gut
16.05.1970;;29;Gut
17.05.1970;;29;Gut
18.05.1970;;27;Gut
19.05.1970;;27;Gut
20.05.1970;;27;Gut
21.05.1970;;25;Gut
22.05.1970;;25;Gut
23.05.1970;;28;Gut
24.05.1970;;29;Gut
25.05.1970;;28;Gut
26.05.1970;;28;Gut
27.05.1970;;29;Gut
28.05.1970;;19;Gut
29.05.1970;;19;Gut
30.05.1970;;19;Gut
31.05.1970;;20;Gut
01.06.1970;;30;Gut
02.06.1970;;30;Gut
03.06.1970;;31;Gut
04.06.1970;;25;Gut
05.06.1970;;28;Gut
06.06.1970;;28;Gut
07.06.1970;;24;Gut
08.06.1970;;24;Gut
09.06.1970;;24;Gut
10.06.1970;;24;Gut
11.06.1970;;24;Gut
12.06.1970;;20;Gut
13.06.1970;;18;Gut
14.06.1970;;20;Gut
15.06.1970;;18;Gut
16.06.1970;;15;Gut
17.06.1970;;18;Gut
18.06.1970;;20;Gut
19.06.1970;;20;Gut
20.06.1970;;18;Gut
21.06.1970;;15;Gut
22.06.1970;;19;Gut
23.06.1970;;25;Gut
24.06.1970;;20;Gut
25.06.1970;;18;Gut
26.06.1970;;20;Gut
27.06.1970;;20;Gut
28.06.1970;;20;Gut
29.06.1970;;20;Gut
30.06.1970;;21;Gut
01.07.1970;;21;Gut
02.07.1970;;22;Gut
03.07.1970;;24;Gut
04.07.1970;;25;Gut
05.07.1970;;26;Gut
06.07.1970;;24;Gut
07.07.1970;;20;Gut
08.07.1970;;21;Gut
09.07.1970;;22;Gut
10.07.1970;;24;Gut
11.07.1970;;24;Gut
12.07.1970;;24;Gut
13.07.1970;;23;Gut
14.07.1970;;24;Gut
15.07.1970;;26;Gut
16.07.1970;;29;Gut
17.07.1970;;29;Gut
18.07.1970;;29;Gut
19.07.1970;;36;Gut
20.07.1970;;35;Gut
21.07.1970;;35;Gut
22.07.1970;;32;Gut
23.07.1970;;32;Gut
24.07.1970;;32;Gut
25.07.1970;;30;Gut
26.07.1970;;30;Gut
27.07.1970;;33;Gut
28.07.1970;;33;Gut
29.07.1970;;32;Gut
30.07.1970;;34;Gut
31.07.1970;;40;Gut
01.08.1970;;40;Gut
02.08.1970;;40;Gut
03.08.1970;;45;Gut
04.08.1970;;42;Gut
05.08.1970;;40;Gut
06.08.1970;;40;Gut
07.08.1970;;38;Gut
08.08.1970;;40;Gut
09.08.1970;;42;Gut
10.08.1970;;42;Gut
11.08.1970;;20;Gut
12.08.1970;;18;Gut
13.08.1970;;18;Gut
14.08.1970;;19;Gut
15.08.1970;;19;Gut
16.08.1970;;20;Gut
17.08.1970;;18;Gut
18.08.1970;;15;Gut
19.08.1970;;15;Gut
20.08.1970;;15;Gut
21.08.1970;;15;Gut
22.08.1970;;18;Gut
23.08.1970;;20;Gut
24.08.1970;;20;Gut
25.08.1970;;18;Gut
26.08.1970;;15;Gut
27.08.1970;;15;Gut
28.08.1970;;18;Gut
29.08.1970;;16;Gut
30.08.1970;;17;Gut
31.08.1970;;17;Gut
01.09.1970;;15;Gut
02.09.1970;;16;Gut
03.09.1970;;17;Gut
04.09.1970;;17;Gut
05.09.1970;;17;Gut
06.09.1970;;16;Gut
07.09.1970;;20;Gut
08.09.1970;;15;Gut
09.09.1970;;15;Gut
10.09.1970;;12;Gut
11.09.1970;;15;Gut
12.09.1970;;20;Gut
13.09.1970;;22;Gut
14.09.1970;;20;Gut
15.09.1970;;18;Gut
16.09.1970;;18;Gut
17.09.1970;;18;Gut
18.09.1970;;18;Gut
19.09.1970;;18;Gut
20.09.1970;;22;Gut
21.09.1970;;18;Gut
22.09.1970;;18;Gut
23.09.1970;;17;Gut
24.09.1970;;15;Gut
25.09.1970;;16;Gut
26.09.1970;;18;Gut
27.09.1970;;20;Gut
28.09.1970;;20;Gut
29.09.1970;;20;Gut
30.09.1970;;19;Gut
01.10.1970;;21;Gut
02.10.1970;;21;Gut
03.10.1970;;22;Gut
04.10.1970;;23;Gut
05.10.1970;;25;Gut
06.10.1970;;26;Gut
07.10.1970;;25;Gut
08.10.1970;;22;Gut
09.10.1970;;20;Gut
10.10.1970;;20;Gut
11.10.1970;;22;Gut
12.10.1970;;20;Gut
13.10.1970;;18;Gut
14.10.1970;;18;Gut
15.10.1970;;19;Gut
16.10.1970;;20;Gut
17.10.1970;;19;Gut
18.10.1970;;25;Gut
19.10.1970;;25;Gut
20.10.1970;;24;Gut
21.10.1970;;24;Gut
22.10.1970;;23;Gut
23.10.1970;;22;Gut
24.10.1970;;25;Gut
25.10.1970;;28;Gut
26.10.1970;;30;Gut
27.10.1970;;32;Gut
28.10.1970;;35;Gut
29.10.1970;;32;Gut
30.10.1970;;28;Gut
31.10.1970;;26;Gut
01.11.1970;;26;Gut
02.11.1970;;26;Gut
03.11.1970;;27;Gut
04.11.1970;;28;Gut
05.11.1970;;30;Gut
06.11.1970;;30;Gut
07.11.1970;;29;Gut
08.11.1970;;27;Gut
09.11.1970;;28;Gut
10.11.1970;;30;Gut
11.11.1970;;30;Gut
12.11.1970;;31;Gut
13.11.1970;;30;Gut
14.11.1970;;30;Gut
15.11.1970;;30;Gut
16.11.1970;;27;Gut
17.11.1970;;26;Gut
18.11.1970;;27;Gut
19.11.1970;;27;Gut
20.11.1970;;29;Gut
21.11.1970;;29;Gut
22.11.1970;;30;Gut
23.11.1970;;32;Gut
24.11.1970;;32;Gut
25.11.1970;;32;Gut
26.11.1970;;32;Gut
27.11.1970;;32;Gut
28.11.1970;;32;Gut
29.11.1970;;31;Gut
30.11.1970;;32;Gut
01.12.1970;;32;Gut
02.12.1970;;32;Gut
03.12.1970;;32;Gut
04.12.1970;;32;Gut
05.12.1970;;34;Gut
06.12.1970;;32;Gut
07.12.1970;;32;Gut
08.12.1970;;33;Gut
09.12.1970;;33;Gut
10.12.1970;;34;Gut
11.12.1970;;34;Gut
12.12.1970;;33;Gut
13.12.1970;;32;Gut
14.12.1970;;30;Gut
15.12.1970;;30;Gut
16.12.1970;;30;Gut
17.12.1970;;30;Gut
18.12.1970;;30;Gut
19.12.1970;;30;Gut
20.12.1970;;30;Gut
21.12.1970;;30;Gut
22.12.1970;;30;Gut
23.12.1970;;30;Gut
24.12.1970;;30;Gut
25.12.1970;;30;Gut
26.12.1970;;28;Gut
27.12.1970;;28;Gut
28.12.1970;;28;Gut
29.12.1970;;28;Gut
30.12.1970;;28;Gut
31.12.1970;;28;Gut
01.01.1971;;28;Gut
02.01.1971;;28;Gut
03.01.1971;;28;Gut
04.01.1971;;28;Gut
05.01.1971;;28;Gut
06.01.1971;;28;Gut
07.01.1971;;28;Gut
08.01.1971;;28;Gut
09.01.1971;;28;Gut
10.01.1971;;28;Gut
11.01.1971;;28;Gut
12.01.1971;;28;Gut
13.01.1971;;28;Gut
14.01.1971;;28;Gut
15.01.1971;;28;Gut
16.01.1971;;28;Gut
17.01.1971;;30;Gut
18.01.1971;;30;Gut
19.01.1971;;40;Gut
20.01.1971;;42;Gut
21.01.1971;;30;Gut
22.01.1971;;27;Gut
23.01.1971;;30;Gut
24.01.1971;;32;Gut
25.01.1971;;32;Gut
26.01.1971;;32;Gut
27.01.1971;;32;Gut
28.01.1971;;32;Gut
29.01.1971;;32;Gut
30.01.1971;;30;Gut
31.01.1971;;30;Gut
01.02.1971;;20;Gut
02.02.1971;;16;Gut
03.02.1971;;18;Gut
04.02.1971;;24;Gut
05.02.1971;;22;Gut
06.02.1971;;22;Gut
07.02.1971;;22;Gut
08.02.1971;;22;Gut
09.02.1971;;20;Gut
10.02.1971;;18;Gut
11.02.1971;;22;Gut
12.02.1971;;22;Gut
13.02.1971;;24;Gut
14.02.1971;;26;Gut
15.02.1971;;24;Gut
16.02.1971;;22;Gut
17.02.1971;;18;Gut
18.02.1971;;20;Gut
19.02.1971;;22;Gut
20.02.1971;;22;Gut
21.02.1971;;20;Gut
22.02.1971;;20;Gut
23.02.1971;;18;Gut
24.02.1971;;20;Gut
25.02.1971;;22;Gut
26.02.1971;;22;Gut
27.02.1971;;20;Gut
28.02.1971;;20;Gut
01.03.1971;;22;Gut
02.03.1971;;22;Gut
03.03.1971;;40;Gut
04.03.1971;;35;Gut
05.03.1971;;20;Gut
06.03.1971;;20;Gut
07.03.1971;;22;Gut
08.03.1971;;16;Gut
09.03.1971;;16;Gut
10.03.1971;;16;Gut
11.03.1971;;18;Gut
12.03.1971;;18;Gut
13.03.1971;;18;Gut
14.03.1971;;20;Gut
15.03.1971;;20;Gut
16.03.1971;;18;Gut
17.03.1971;;18;Gut
18.03.1971;;16;Gut
19.03.1971;;18;Gut
20.03.1971;;20;Gut
21.03.1971;;28;Gut
22.03.1971;;30;Gut
23.03.1971;;20;Gut
24.03.1971;;14;Gut
25.03.1971;;16;Gut
26.03.1971;;16;Gut
27.03.1971;;15;Gut
28.03.1971;;15;Gut
29.03.1971;;15;Gut
30.03.1971;;14;Gut
31.03.1971;;16;Gut
01.04.1971;;16;Gut
02.04.1971;;20;Gut
03.04.1971;;28;Gut
04.04.1971;;30;Gut
05.04.1971;;28;Gut
06.04.1971;;30;Gut
07.04.1971;;32;Gut
08.04.1971;;32;Gut
09.04.1971;;30;Gut
10.04.1971;;30;Gut
11.04.1971;;30;Gut
12.04.1971;;30;Gut
13.04.1971;;29;Gut
14.04.1971;;29;Gut
15.04.1971;;29;Gut
16.04.1971;;22;Gut
17.04.1971;;28;Gut
18.04.1971;;26;Gut
19.04.1971;;26;Gut
20.04.1971;;27;Gut
21.04.1971;;30;Gut
22.04.1971;;28;Gut
23.04.1971;;28;Gut
24.04.1971;;28;Gut
25.04.1971;;28;Gut
26.04.1971;;28;Gut
27.04.1971;;30;Gut
28.04.1971;;28;Gut
29.04.1971;;28;Gut
30.04.1971;;28;Gut
01.05.1971;;26;Gut
02.05.1971;;26;Gut
03.05.1971;;26;Gut
04.05.1971;;26;Gut
05.05.1971;;22;Gut
06.05.1971;;20;Gut
07.05.1971;;20;Gut
08.05.1971;;18;Gut
09.05.1971;;20;Gut
10.05.1971;;16;Gut
11.05.1971;;16;Gut
12.05.1971;;16;Gut
13.05.1971;;16;Gut
14.05.1971;;12;Gut
15.05.1971;;12;Gut
16.05.1971;;16;Gut
17.05.1971;;16;Gut
18.05.1971;;16;Gut
19.05.1971;;18;Gut
20.05.1971;;16;Gut
21.05.1971;;20;Gut
22.05.1971;;19;Gut
23.05.1971;;20;Gut
24.05.1971;;22;Gut
25.05.1971;;26;Gut
26.05.1971;;27;Gut
27.05.1971;;26;Gut
28.05.1971;;25;Gut
29.05.1971;;32;Gut
30.05.1971;;32;Gut
31.05.1971;;36;Gut
01.06.1971;;40;Gut
02.06.1971;;40;Gut
03.06.1971;;36;Gut
04.06.1971;;40;Gut
05.06.1971;;44;Gut
06.06.1971;;50;Gut
07.06.1971;;46;Gut
08.06.1971;;50;Gut
09.06.1971;;49;Gut
10.06.1971;;50;Gut
11.06.1971;;58;Gut
12.06.1971;;62;Gut
13.06.1971;;62;Gut
14.06.1971;;62;Gut
15.06.1971;;60;Gut
16.06.1971;;60;Gut
17.06.1971;;46;Gut
18.06.1971;;44;Gut
19.06.1971;;46;Gut
20.06.1971;;44;Gut
21.06.1971;;44;Gut
22.06.1971;;46;Gut
23.06.1971;;46;Gut
24.06.1971;;46;Gut
25.06.1971;;44;Gut
26.06.1971;;40;Gut
27.06.1971;;46;Gut
28.06.1971;;62;Gut
29.06.1971;;65;Gut
30.06.1971;;74;Gut
01.07.1971;;68;Gut
02.07.1971;;64;Gut
03.07.1971;;62;Gut
04.07.1971;;60;Gut
05.07.1971;;56;Gut
06.07.1971;;56;Gut
07.07.1971;;54;Gut
08.07.1971;;46;Gut
09.07.1971;;16;Gut
10.07.1971;;18;Gut
11.07.1971;;18;Gut
12.07.1971;;20;Gut
13.07.1971;;24;Gut
14.07.1971;;26;Gut
15.07.1971;;22;Gut
16.07.1971;;20;Gut
17.07.1971;;18;Gut
18.07.1971;;18;Gut
19.07.1971;;18;Gut
20.07.1971;;20;Gut
21.07.1971;;20;Gut
22.07.1971;;18;Gut
23.07.1971;;16;Gut
24.07.1971;;20;Gut
25.07.1971;;18;Gut
26.07.1971;;18;Gut
27.07.1971;;18;Gut
28.07.1971;;18;Gut
29.07.1971;;16;Gut
30.07.1971;;16;Gut
31.07.1971;;14;Gut
01.08.1971;;14;Gut
02.08.1971;;12;Gut
03.08.1971;;12;Gut
04.08.1971;;10;Gut
05.08.1971;;10;Gut
06.08.1971;;10;Gut
07.08.1971;;10;Gut
08.08.1971;;10;Gut
09.08.1971;;12;Gut
10.08.1971;;14;Gut
11.08.1971;;14;Gut
12.08.1971;;12;Gut
13.08.1971;;12;Gut
14.08.1971;;10;Gut
15.08.1971;;10;Gut
16.08.1971;;10;Gut
17.08.1971;;10;Gut
18.08.1971;;10;Gut
19.08.1971;;12;Gut
20.08.1971;;12;Gut
21.08.1971;;10;Gut
22.08.1971;;10;Gut
23.08.1971;;12;Gut
24.08.1971;;12;Gut
25.08.1971;;12;Gut
26.08.1971;;10;Gut
27.08.1971;;10;Gut
28.08.1971;;10;Gut
29.08.1971;;10;Gut
30.08.1971;;12;Gut
31.08.1971;;12;Gut
01.09.1971;;10;Gut
02.09.1971;;10;Gut
03.09.1971;;10;Gut
04.09.1971;;10;Gut
05.09.1971;;9;Gut
06.09.1971;;9;Gut
07.09.1971;;9;Gut
08.09.1971;;9;Gut
09.09.1971;;9;Gut
10.09.1971;;9;Gut
11.09.1971;;9;Gut
12.09.1971;;10;Gut
13.09.1971;;12;Gut
14.09.1971;;12;Gut
15.09.1971;;14;Gut
16.09.1971;;12;Gut
17.09.1971;;12;Gut
18.09.1971;;14;Gut
19.09.1971;;12;Gut
20.09.1971;;12;Gut
21.09.1971;;12;Gut
22.09.1971;;12;Gut
23.09.1971;;14;Gut
24.09.1971;;14;Gut
25.09.1971;;15;Gut
26.09.1971;;16;Gut
27.09.1971;;14;Gut
28.09.1971;;12;Gut
29.09.1971;;10;Gut
30.09.1971;;10;Gut
01.10.1971;;10;Gut
02.10.1971;;10;Gut
03.10.1971;;10;Gut
04.10.1971;;12;Gut
05.10.1971;;12;Gut
06.10.1971;;10;Gut
07.10.1971;;10;Gut
08.10.1971;;9;Gut
09.10.1971;;9;Gut
10.10.1971;;8;Gut
11.10.1971;;8;Gut
12.10.1971;;8;Gut
13.10.1971;;8;Gut
14.10.1971;;10;Gut
15.10.1971;;12;Gut
16.10.1971;;12;Gut
17.10.1971;;12;Gut
18.10.1971;;10;Gut
19.10.1971;;8;Gut
20.10.1971;;8;Gut
21.10.1971;;8;Gut
22.10.1971;;9;Gut
23.10.1971;;10;Gut
24.10.1971;;12;Gut
25.10.1971;;12;Gut
26.10.1971;;12;Gut
27.10.1971;;12;Gut
28.10.1971;;12;Gut
29.10.1971;;12;Gut
30.10.1971;;14;Gut
31.10.1971;;14;Gut
01.11.1971;;14;Gut
02.11.1971;;14;Gut
03.11.1971;;12;Gut
04.11.1971;;12;Gut
05.11.1971;;12;Gut
06.11.1971;;12;Gut
07.11.1971;;12;Gut
08.11.1971;;12;Gut
09.11.1971;;14;Gut
10.11.1971;;18;Gut
11.11.1971;;18;Gut
12.11.1971;;19;Gut
13.11.1971;;20;Gut
14.11.1971;;20;Gut
15.11.1971;;20;Gut
16.11.1971;;20;Gut
17.11.1971;;28;Gut
18.11.1971;;26;Gut
19.11.1971;;26;Gut
20.11.1971;;26;Gut
21.11.1971;;26;Gut
22.11.1971;;26;Gut
23.11.1971;;25;Gut
24.11.1971;;25;Gut
25.11.1971;;25;Gut
26.11.1971;;24;Gut
27.11.1971;;25;Gut
28.11.1971;;26;Gut
29.11.1971;;24;Gut
30.11.1971;;23;Gut
01.12.1971;;24;Gut
02.12.1971;;24;Gut
03.12.1971;;28;Gut
04.12.1971;;24;Gut
05.12.1971;;22;Gut
06.12.1971;;24;Gut
07.12.1971;;26;Gut
08.12.1971;;26;Gut
09.12.1971;;26;Gut
10.12.1971;;26;Gut
11.12.1971;;26;Gut
12.12.1971;;30;Gut
13.12.1971;;30;Gut
14.12.1971;;30;Gut
15.12.1971;;12;Gut
16.12.1971;;12;Gut
17.12.1971;;14;Gut
18.12.1971;;12;Gut
19.12.1971;;12;Gut
20.12.1971;;12;Gut
21.12.1971;;14;Gut
22.12.1971;;15;Gut
23.12.1971;;18;Gut
24.12.1971;;15;Gut
25.12.1971;;12;Gut
26.12.1971;;10;Gut
27.12.1971;;10;Gut
28.12.1971;;10;Gut
29.12.1971;;8;Gut
30.12.1971;;8;Gut
31.12.1971;;8;Gut
01.01.1972;;8;Gut
02.01.1972;;8;Gut
03.01.1972;;8;Gut
04.01.1972;;8;Gut
05.01.1972;;8;Gut
06.01.1972;;8;Gut
07.01.1972;;8;Gut
08.01.1972;;8;Gut
09.01.1972;;8;Gut
10.01.1972;;8;Gut
11.01.1972;;8;Gut
12.01.1972;;9;Gut
13.01.1972;;10;Gut
14.01.1972;;9;Gut
15.01.1972;;9;Gut
16.01.1972;;8;Gut
17.01.1972;;8;Gut
18.01.1972;;8;Gut
19.01.1972;;8;Gut
20.01.1972;;8;Gut
21.01.1972;;8;Gut
22.01.1972;;8;Gut
23.01.1972;;9;Gut
24.01.1972;;9;Gut
25.01.1972;;10;Gut
26.01.1972;;10;Gut
27.01.1972;;10;Gut
28.01.1972;;10;Gut
29.01.1972;;10;Gut
30.01.1972;;10;Gut
31.01.1972;;10;Gut
01.02.1972;;10;Gut
02.02.1972;;10;Gut
03.02.1972;;10;Gut
04.02.1972;;10;Gut
05.02.1972;;9;Gut
06.02.1972;;9;Gut
07.02.1972;;9;Gut
08.02.1972;;9;Gut
09.02.1972;;8;Gut
10.02.1972;;8;Gut
11.02.1972;;8;Gut
12.02.1972;;6;Gut
13.02.1972;;6;Gut
14.02.1972;;6;Gut
15.02.1972;;6;Gut
16.02.1972;;6;Gut
17.02.1972;;6;Gut
18.02.1972;;6;Gut
19.02.1972;;6;Gut
20.02.1972;;6;Gut
21.02.1972;;6;Gut
22.02.1972;;6;Gut
23.02.1972;;6;Gut
24.02.1972;;6;Gut
25.02.1972;;6;Gut
26.02.1972;;6;Gut
27.02.1972;;6;Gut
28.02.1972;;6;Gut
29.02.1972;;6;Gut
01.03.1972;;6;Gut
02.03.1972;;6;Gut
03.03.1972;;7;Gut
04.03.1972;;6;Gut
05.03.1972;;6;Gut
06.03.1972;;6;Gut
07.03.1972;;6;Gut
08.03.1972;;6;Gut
09.03.1972;;6;Gut
10.03.1972;;7;Gut
11.03.1972;;6;Gut
12.03.1972;;6;Gut
13.03.1972;;7;Gut
14.03.1972;;7;Gut
15.03.1972;;8;Gut
16.03.1972;;8;Gut
17.03.1972;;10;Gut
18.03.1972;;10;Gut
19.03.1972;;10;Gut
20.03.1972;;10;Gut
21.03.1972;;9;Gut
22.03.1972;;8;Gut
23.03.1972;;8;Gut
24.03.1972;;8;Gut
25.03.1972;;8;Gut
26.03.1972;;8;Gut
27.03.1972;;10;Gut
28.03.1972;;9;Gut
29.03.1972;;10;Gut
30.03.1972;;11;Gut
31.03.1972;;12;Gut
01.04.1972;;11;Gut
02.04.1972;;11;Gut
03.04.1972;;12;Gut
04.04.1972;;22;Gut
05.04.1972;;26;Gut
06.04.1972;;28;Gut
07.04.1972;;36;Gut
08.04.1972;;22;Gut
09.04.1972;;26;Gut
10.04.1972;;24;Gut
11.04.1972;;34;Gut
12.04.1972;;34;Gut
13.04.1972;;33;Gut
14.04.1972;;36;Gut
15.04.1972;;33;Gut
16.04.1972;;40;Gut
17.04.1972;;36;Gut
18.04.1972;;33;Gut
19.04.1972;;32;Gut
20.04.1972;;38;Gut
21.04.1972;;42;Gut
22.04.1972;;34;Gut
23.04.1972;;32;Gut
24.04.1972;;36;Gut
25.04.1972;;34;Gut
26.04.1972;;34;Gut
27.04.1972;;34;Gut
28.04.1972;;34;Gut
29.04.1972;;33;Gut
30.04.1972;;36;Gut
01.05.1972;;34;Gut
02.05.1972;;33;Gut
03.05.1972;;32;Gut
04.05.1972;;30;Gut
05.05.1972;;28;Gut
06.05.1972;;28;Gut
07.05.1972;;29;Gut
08.05.1972;;26;Gut
09.05.1972;;22;Gut
10.05.1972;;23;Gut
11.05.1972;;24;Gut
12.05.1972;;26;Gut
13.05.1972;;28;Gut
14.05.1972;;36;Gut
15.05.1972;;36;Gut
16.05.1972;;38;Gut
17.05.1972;;40;Gut
18.05.1972;;40;Gut
19.05.1972;;38;Gut
20.05.1972;;46;Gut
21.05.1972;;42;Gut
22.05.1972;;32;Gut
23.05.1972;;30;Gut
24.05.1972;;28;Gut
25.05.1972;;28;Gut
26.05.1972;;26;Gut
27.05.1972;;22;Gut
28.05.1972;;24;Gut
29.05.1972;;26;Gut
30.05.1972;;28;Gut
31.05.1972;;28;Gut
01.06.1972;;28;Gut
02.06.1972;;30;Gut
03.06.1972;;28;Gut
04.06.1972;;28;Gut
05.06.1972;;30;Gut
06.06.1972;;30;Gut
07.06.1972;;38;Gut
08.06.1972;;36;Gut
09.06.1972;;36;Gut
10.06.1972;;34;Gut
11.06.1972;;44;Gut
12.06.1972;;40;Gut
13.06.1972;;46;Gut
14.06.1972;;46;Gut
15.06.1972;;44;Gut
16.06.1972;;44;Gut
17.06.1972;;43;Gut
18.06.1972;;43;Gut
19.06.1972;;44;Gut
20.06.1972;;45;Gut
21.06.1972;;44;Gut
22.06.1972;;46;Gut
23.06.1972;;48;Gut
24.06.1972;;48;Gut
25.06.1972;;58;Gut
26.06.1972;;60;Gut
27.06.1972;;60;Gut
28.06.1972;;60;Gut
29.06.1972;;66;Gut
30.06.1972;;70;Gut
01.07.1972;;70;Gut
02.07.1972;;72;Gut
03.07.1972;;68;Gut
04.07.1972;;64;Gut
05.07.1972;;62;Gut
06.07.1972;;62;Gut
07.07.1972;;64;Gut
08.07.1972;;66;Gut
09.07.1972;;67;Gut
10.07.1972;;66;Gut
11.07.1972;;66;Gut
12.07.1972;;68;Gut
13.07.1972;;68;Gut
14.07.1972;;70;Gut
15.07.1972;;72;Gut
16.07.1972;;74;Gut
17.07.1972;;72;Gut
18.07.1972;;72;Gut
19.07.1972;;71;Gut
20.07.1972;;70;Gut
21.07.1972;;70;Gut
22.07.1972;;68;Gut
23.07.1972;;68;Gut
24.07.1972;;68;Gut
25.07.1972;;66;Gut
26.07.1972;;62;Gut
27.07.1972;;62;Gut
28.07.1972;;62;Gut
29.07.1972;;68;Gut
30.07.1972;;72;Gut
31.07.1972;;80;Gut
01.08.1972;;80;Gut
02.08.1972;;78;Gut
03.08.1972;;77;Gut
04.08.1972;;68;Gut
05.08.1972;;48;Gut
06.08.1972;;46;Gut
07.08.1972;;44;Gut
08.08.1972;;44;Gut
09.08.1972;;42;Gut
10.08.1972;;52;Gut
11.08.1972;;66;Gut
12.08.1972;;70;Gut
13.08.1972;;70;Gut
14.08.1972;;68;Gut
15.08.1972;;48;Gut
16.08.1972;;52;Gut
17.08.1972;;52;Gut
18.08.1972;;52;Gut
19.08.1972;;54;Gut
20.08.1972;;52;Gut
21.08.1972;;50;Gut
22.08.1972;;50;Gut
23.08.1972;;49;Gut
24.08.1972;;50;Gut
25.08.1972;;49;Gut
26.08.1972;;48;Gut
27.08.1972;;48;Gut
28.08.1972;;48;Gut
29.08.1972;;48;Gut
30.08.1972;;46;Gut
31.08.1972;;46;Gut
01.09.1972;;48;Gut
02.09.1972;;50;Gut
03.09.1972;;50;Gut
04.09.1972;;48;Gut
05.09.1972;;48;Gut
06.09.1972;;48;Gut
07.09.1972;;46;Gut
08.09.1972;;46;Gut
09.09.1972;;46;Gut
10.09.1972;;46;Gut
11.09.1972;;46;Gut
12.09.1972;;44;Gut
13.09.1972;;44;Gut
14.09.1972;;44;Gut
15.09.1972;;42;Gut
16.09.1972;;42;Gut
17.09.1972;;40;Gut
18.09.1972;;36;Gut
19.09.1972;;32;Gut
20.09.1972;;28;Gut
21.09.1972;;26;Gut
22.09.1972;;24;Gut
23.09.1972;;22;Gut
24.09.1972;;22;Gut
25.09.1972;;22;Gut
26.09.1972;;22;Gut
27.09.1972;;22;Gut
28.09.1972;;22;Gut
29.09.1972;;22;Gut
30.09.1972;;22;Gut
01.10.1972;;22;Gut
02.10.1972;;22;Gut
03.10.1972;;22;Gut
04.10.1972;;22;Gut
05.10.1972;;22;Gut
06.10.1972;;22;Gut
07.10.1972;;22;Gut
08.10.1972;;22;Gut
09.10.1972;;22;Gut
10.10.1972;;22;Gut
11.10.1972;;21;Gut
12.10.1972;;21;Gut
13.10.1972;;21;Gut
14.10.1972;;21;Gut
15.10.1972;;20;Gut
16.10.1972;;20;Gut
17.10.1972;;20;Gut
18.10.1972;;20;Gut
19.10.1972;;20;Gut
20.10.1972;;19;Gut
21.10.1972;;19;Gut
22.10.1972;;19;Gut
23.10.1972;;18;Gut
24.10.1972;;18;Gut
25.10.1972;;18;Gut
26.10.1972;;17;Gut
27.10.1972;;16;Gut
28.10.1972;;16;Gut
29.10.1972;;16;Gut
30.10.1972;;16;Gut
31.10.1972;;16;Gut
01.11.1972;;18;Gut
02.11.1972;;18;Gut
03.11.1972;;16;Gut
04.11.1972;;16;Gut
05.11.1972;;14;Gut
06.11.1972;;14;Gut
07.11.1972;;14;Gut
08.11.1972;;14;Gut
09.11.1972;;14;Gut
10.11.1972;;16;Gut
11.11.1972;;16;Gut
12.11.1972;;16;Gut
13.11.1972;;16;Gut
14.11.1972;;16;Gut
15.11.1972;;16;Gut
16.11.1972;;16;Gut
17.11.1972;;16;Gut
18.11.1972;;17;Gut
19.11.1972;;18;Gut
20.11.1972;;18;Gut
21.11.1972;;18;Gut
22.11.1972;;18;Gut
23.11.1972;;18;Gut
24.11.1972;;18;Gut
25.11.1972;;18;Gut
26.11.1972;;18;Gut
27.11.1972;;18;Gut
28.11.1972;;18;Gut
29.11.1972;;18;Gut
30.11.1972;;18;Gut
01.12.1972;;18;Gut
02.12.1972;;18;Gut
03.12.1972;;18;Gut
04.12.1972;;18;Gut
05.12.1972;;18;Gut
06.12.1972;;18;Gut
07.12.1972;;18;Gut
08.12.1972;;18;Gut
09.12.1972;;16;Gut
10.12.1972;;16;Gut
11.12.1972;;16;Gut
12.12.1972;;16;Gut
13.12.1972;;16;Gut
14.12.1972;;16;Gut
15.12.1972;;16;Gut
16.12.1972;;16;Gut
17.12.1972;;16;Gut
18.12.1972;;16;Gut
19.12.1972;;16;Gut
20.12.1972;;18;Gut
21.12.1972;;18;Gut
22.12.1972;;18;Gut
23.12.1972;;18;Gut
24.12.1972;;18;Gut
25.12.1972;;18;Gut
26.12.1972;;18;Gut
27.12.1972;;18;Gut
28.12.1972;;18;Gut
29.12.1972;;18;Gut
30.12.1972;;18;Gut
31.12.1972;;18;Gut
01.01.1973;;18;Gut
02.01.1973;;18;Gut
03.01.1973;;18;Gut
04.01.1973;;18;Gut
05.01.1973;;18;Gut
06.01.1973;;18;Gut
07.01.1973;;18;Gut
08.01.1973;;18;Gut
09.01.1973;;36;Gut
10.01.1973;;36;Gut
11.01.1973;;34;Gut
12.01.1973;;34;Gut
13.01.1973;;12;Gut
14.01.1973;;12;Gut
15.01.1973;;12;Gut
16.01.1973;;12;Gut
17.01.1973;;12;Gut
18.01.1973;;12;Gut
19.01.1973;;12;Gut
20.01.1973;;12;Gut
21.01.1973;;12;Gut
22.01.1973;;12;Gut
23.01.1973;;12;Gut
24.01.1973;;12;Gut
25.01.1973;;12;Gut
26.01.1973;;12;Gut
27.01.1973;;10;Gut
28.01.1973;;10;Gut
29.01.1973;;10;Gut
30.01.1973;;10;Gut
31.01.1973;;10;Gut
01.02.1973;;16;Gut
02.02.1973;;20;Gut
03.02.1973;;22;Gut
04.02.1973;;22;Gut
05.02.1973;;24;Gut
06.02.1973;;26;Gut
07.02.1973;;26;Gut
08.02.1973;;26;Gut
09.02.1973;;36;Gut
10.02.1973;;30;Gut
11.02.1973;;32;Gut
12.02.1973;;20;Gut
13.02.1973;;18;Gut
14.02.1973;;18;Gut
15.02.1973;;16;Gut
16.02.1973;;16;Gut
17.02.1973;;26;Gut
18.02.1973;;36;Gut
19.02.1973;;30;Gut
20.02.1973;;24;Gut
21.02.1973;;22;Gut
22.02.1973;;22;Gut
23.02.1973;;20;Gut
24.02.1973;;32;Gut
25.02.1973;;30;Gut
26.02.1973;;28;Gut
27.02.1973;;22;Gut
28.02.1973;;22;Gut
01.03.1973;;20;Gut
02.03.1973;;20;Gut
03.03.1973;;16;Gut
04.03.1973;;16;Gut
05.03.1973;;17;Gut
06.03.1973;;19;Gut
07.03.1973;;19;Gut
08.03.1973;;19;Gut
09.03.1973;;22;Gut
10.03.1973;;24;Gut
11.03.1973;;28;Gut
12.03.1973;;30;Gut
13.03.1973;;33;Gut
14.03.1973;;34;Gut
15.03.1973;;36;Gut
16.03.1973;;38;Gut
17.03.1973;;40;Gut
18.03.1973;;45;Gut
19.03.1973;;50;Gut
20.03.1973;;51;Gut
21.03.1973;;51;Gut
22.03.1973;;52;Gut
23.03.1973;;54;Gut
24.03.1973;;58;Gut
25.03.1973;;56;Gut
26.03.1973;;58;Gut
27.03.1973;;56;Gut
28.03.1973;;44;Gut
29.03.1973;;42;Gut
30.03.1973;;38;Gut
31.03.1973;;38;Gut
01.04.1973;;30;Gut
02.04.1973;;32;Gut
03.04.1973;;34;Gut
04.04.1973;;36;Gut
05.04.1973;;42;Gut
06.04.1973;;44;Gut
07.04.1973;;44;Gut
08.04.1973;;44;Gut
09.04.1973;;42;Gut
10.04.1973;;42;Gut
11.04.1973;;40;Gut
12.04.1973;;40;Gut
13.04.1973;;36;Gut
14.04.1973;;36;Gut
15.04.1973;;38;Gut
16.04.1973;;38;Gut
17.04.1973;;40;Gut
18.04.1973;;42;Gut
19.04.1973;;42;Gut
20.04.1973;;44;Gut
21.04.1973;;44;Gut
22.04.1973;;52;Gut
23.04.1973;;50;Gut
24.04.1973;;30;Gut
25.04.1973;;30;Gut
26.04.1973;;46;Gut
27.04.1973;;42;Gut
28.04.1973;;42;Gut
29.04.1973;;40;Gut
30.04.1973;;40;Gut
01.05.1973;;38;Gut
02.05.1973;;40;Gut
03.05.1973;;40;Gut
04.05.1973;;42;Gut
05.05.1973;;42;Gut
06.05.1973;;42;Gut
07.05.1973;;36;Gut
08.05.1973;;36;Gut
09.05.1973;;34;Gut
10.05.1973;;34;Gut
11.05.1973;;32;Gut
12.05.1973;;32;Gut
13.05.1973;;32;Gut
14.05.1973;;30;Gut
15.05.1973;;30;Gut
16.05.1973;;30;Gut
17.05.1973;;30;Gut
18.05.1973;;40;Gut
19.05.1973;;42;Gut
20.05.1973;;42;Gut
21.05.1973;;40;Gut
22.05.1973;;28;Gut
23.05.1973;;26;Gut
24.05.1973;;26;Gut
25.05.1973;;24;Gut
26.05.1973;;26;Gut
27.05.1973;;30;Gut
28.05.1973;;30;Gut
29.05.1973;;28;Gut
30.05.1973;;26;Gut
31.05.1973;;30;Gut
01.06.1973;;30;Gut
02.06.1973;;30;Gut
03.06.1973;;30;Gut
04.06.1973;;34;Gut
05.06.1973;;34;Gut
06.06.1973;;34;Gut
07.06.1973;;36;Gut
08.06.1973;;36;Gut
09.06.1973;;42;Gut
10.06.1973;;44;Gut
11.06.1973;;46;Gut
12.06.1973;;44;Gut
13.06.1973;;44;Gut
14.06.1973;;46;Gut
15.06.1973;;46;Gut
16.06.1973;;48;Gut
17.06.1973;;48;Gut
18.06.1973;;46;Gut
19.06.1973;;42;Gut
20.06.1973;;50;Gut
21.06.1973;;52;Gut
22.06.1973;;54;Gut
23.06.1973;;56;Gut
24.06.1973;;56;Gut
25.06.1973;;54;Gut
26.06.1973;;52;Gut
27.06.1973;;52;Gut
28.06.1973;;52;Gut
29.06.1973;;52;Gut
30.06.1973;;54;Gut
01.07.1973;;54;Gut
02.07.1973;;54;Gut
03.07.1973;;54;Gut
04.07.1973;;54;Gut
05.07.1973;;52;Gut
06.07.1973;;48;Gut
07.07.1973;;40;Gut
08.07.1973;;36;Gut
09.07.1973;;38;Gut
10.07.1973;;40;Gut
11.07.1973;;46;Gut
12.07.1973;;48;Gut
13.07.1973;;48;Gut
14.07.1973;;52;Gut
15.07.1973;;52;Gut
16.07.1973;;52;Gut
17.07.1973;;52;Gut
18.07.1973;;56;Gut
19.07.1973;;58;Gut
20.07.1973;;60;Gut
21.07.1973;;60;Gut
22.07.1973;;62;Gut
23.07.1973;;62;Gut
24.07.1973;;62;Gut
25.07.1973;;68;Gut
26.07.1973;;72;Gut
27.07.1973;;74;Gut
28.07.1973;;72;Gut
29.07.1973;;70;Gut
30.07.1973;;68;Gut
31.07.1973;;64;Gut
01.08.1973;;62;Gut
02.08.1973;;64;Gut
03.08.1973;;64;Gut
04.08.1973;;64;Gut
05.08.1973;;65;Gut
06.08.1973;;62;Gut
07.08.1973;;64;Gut
08.08.1973;;64;Gut
09.08.1973;;64;Gut
10.08.1973;;66;Gut
11.08.1973;;64;Gut
12.08.1973;;64;Gut
13.08.1973;;64;Gut
14.08.1973;;60;Gut
15.08.1973;;54;Gut
16.08.1973;;54;Gut
17.08.1973;;54;Gut
18.08.1973;;52;Gut
19.08.1973;;52;Gut
20.08.1973;;52;Gut
21.08.1973;;52;Gut
22.08.1973;;42;Gut
23.08.1973;;32;Gut
24.08.1973;;32;Gut
25.08.1973;;32;Gut
26.08.1973;;32;Gut
27.08.1973;;32;Gut
28.08.1973;;18;Gut
29.08.1973;;22;Gut
30.08.1973;;22;Gut
31.08.1973;;24;Gut
01.09.1973;;24;Gut
02.09.1973;;24;Gut
03.09.1973;;22;Gut
04.09.1973;;22;Gut
05.09.1973;;24;Gut
06.09.1973;;20;Gut
07.09.1973;;20;Gut
08.09.1973;;36;Gut
09.09.1973;;32;Gut
10.09.1973;;24;Gut
11.09.1973;;22;Gut
12.09.1973;;22;Gut
13.09.1973;;34;Gut
14.09.1973;;36;Gut
15.09.1973;;38;Gut
16.09.1973;;32;Gut
17.09.1973;;28;Gut
18.09.1973;;22;Gut
19.09.1973;;24;Gut
20.09.1973;;38;Gut
21.09.1973;;40;Gut
22.09.1973;;40;Gut
23.09.1973;;39;Gut
24.09.1973;;34;Gut
25.09.1973;;32;Gut
26.09.1973;;32;Gut
27.09.1973;;32;Gut
28.09.1973;;32;Gut
29.09.1973;;42;Gut
30.09.1973;;42;Gut
01.10.1973;;32;Gut
02.10.1973;;32;Gut
03.10.1973;;32;Gut
04.10.1973;;32;Gut
05.10.1973;;28;Gut
06.10.1973;;26;Gut
07.10.1973;;24;Gut
08.10.1973;;24;Gut
09.10.1973;;26;Gut
10.10.1973;;26;Gut
11.10.1973;;26;Gut
12.10.1973;;26;Gut
13.10.1973;;26;Gut
14.10.1973;;26;Gut
15.10.1973;;26;Gut
16.10.1973;;28;Gut
17.10.1973;;28;Gut
18.10.1973;;28;Gut
19.10.1973;;28;Gut
20.10.1973;;30;Gut
21.10.1973;;30;Gut
22.10.1973;;30;Gut
23.10.1973;;28;Gut
24.10.1973;;28;Gut
25.10.1973;;28;Gut
26.10.1973;;26;Gut
27.10.1973;;26;Gut
28.10.1973;;26;Gut
29.10.1973;;26;Gut
30.10.1973;;26;Gut
31.10.1973;;20;Gut
01.11.1973;;6;Gut
02.11.1973;;6;Gut
03.11.1973;;6;Gut
04.11.1973;;6;Gut
05.11.1973;;6;Gut
06.11.1973;;6;Gut
07.11.1973;;6;Gut
08.11.1973;;6;Gut
09.11.1973;;6;Gut
10.11.1973;;6;Gut
11.11.1973;;6;Gut
12.11.1973;;6;Gut
13.11.1973;;6;Gut
14.11.1973;;6;Gut
15.11.1973;;6;Gut
16.11.1973;;6;Gut
17.11.1973;;6;Gut
18.11.1973;;6;Gut
19.11.1973;;6;Gut
20.11.1973;;6;Gut
21.11.1973;;6;Gut
22.11.1973;;6;Gut
23.11.1973;;6;Gut
24.11.1973;;6;Gut
25.11.1973;;6;Gut
26.11.1973;;6;Gut
27.11.1973;;6;Gut
28.11.1973;;6;Gut
29.11.1973;;6;Gut
30.11.1973;;6;Gut
01.12.1973;;6;Gut
02.12.1973;;6;Gut
03.12.1973;;6;Gut
04.12.1973;;6;Gut
05.12.1973;;6;Gut
06.12.1973;;6;Gut
07.12.1973;;6;Gut
08.12.1973;;6;Gut
09.12.1973;;6;Gut
10.12.1973;;10;Gut
11.12.1973;;10;Gut
12.12.1973;;10;Gut
13.12.1973;;12;Gut
14.12.1973;;12;Gut
15.12.1973;;12;Gut
16.12.1973;;14;Gut
17.12.1973;;16;Gut
18.12.1973;;16;Gut
19.12.1973;;16;Gut
20.12.1973;;16;Gut
21.12.1973;;18;Gut
22.12.1973;;18;Gut
23.12.1973;;40;Gut
24.12.1973;;36;Gut
25.12.1973;;36;Gut
26.12.1973;;36;Gut
27.12.1973;;36;Gut
28.12.1973;;36;Gut
29.12.1973;;36;Gut
30.12.1973;;36;Gut
31.12.1973;;36;Gut
01.01.1974;;36;Gut
02.01.1974;;36;Gut
03.01.1974;;36;Gut
04.01.1974;;36;Gut
05.01.1974;;36;Gut
06.01.1974;;36;Gut
07.01.1974;;35;Gut
08.01.1974;;36;Gut
09.01.1974;;37;Gut
10.01.1974;;37;Gut
11.01.1974;;36;Gut
12.01.1974;;36;Gut
13.01.1974;;37;Gut
14.01.1974;;38;Gut
15.01.1974;;38;Gut
16.01.1974;;44;Gut
17.01.1974;;44;Gut
18.01.1974;;44;Gut
19.01.1974;;48;Gut
20.01.1974;;46;Gut
21.01.1974;;42;Gut
22.01.1974;;32;Gut
23.01.1974;;32;Gut
24.01.1974;;32;Gut
25.01.1974;;32;Gut
26.01.1974;;32;Gut
27.01.1974;;32;Gut
28.01.1974;;30;Gut
29.01.1974;;28;Gut
30.01.1974;;26;Gut
31.01.1974;;26;Gut
01.02.1974;;26;Gut
02.02.1974;;28;Gut
03.02.1974;;26;Gut
04.02.1974;;28;Gut
05.02.1974;;26;Gut
06.02.1974;;26;Gut
07.02.1974;;30;Gut
08.02.1974;;30;Gut
09.02.1974;;32;Gut
10.02.1974;;32;Gut
11.02.1974;;30;Gut
12.02.1974;;22;Gut
13.02.1974;;26;Gut
14.02.1974;;28;Gut
15.02.1974;;42;Gut
16.02.1974;;38;Gut
17.02.1974;;38;Gut
18.02.1974;;36;Gut
19.02.1974;;30;Gut
20.02.1974;;30;Gut
21.02.1974;;30;Gut
22.02.1974;;30;Gut
23.02.1974;;30;Gut
24.02.1974;;30;Gut
25.02.1974;;30;Gut
26.02.1974;;28;Gut
27.02.1974;;28;Gut
28.02.1974;;28;Gut
01.03.1974;;28;Gut
02.03.1974;;26;Gut
03.03.1974;;26;Gut
04.03.1974;;26;Gut
05.03.1974;;26;Gut
06.03.1974;;26;Gut
07.03.1974;;24;Gut
08.03.1974;;24;Gut
09.03.1974;;24;Gut
10.03.1974;;24;Gut
11.03.1974;;24;Gut
12.03.1974;;24;Gut
13.03.1974;;24;Gut
14.03.1974;;30;Gut
15.03.1974;;26;Gut
16.03.1974;;24;Gut
17.03.1974;;24;Gut
18.03.1974;;26;Gut
19.03.1974;;26;Gut
20.03.1974;;26;Gut
21.03.1974;;26;Gut
22.03.1974;;26;Gut
23.03.1974;;28;Gut
24.03.1974;;30;Gut
25.03.1974;;30;Gut
26.03.1974;;30;Gut
27.03.1974;;28;Gut
28.03.1974;;28;Gut
29.03.1974;;26;Gut
30.03.1974;;24;Gut
31.03.1974;;22;Gut
01.04.1974;;22;Gut
02.04.1974;;22;Gut
03.04.1974;;20;Gut
04.04.1974;;34;Gut
05.04.1974;;36;Gut
06.04.1974;;36;Gut
07.04.1974;;38;Gut
08.04.1974;;40;Gut
09.04.1974;;40;Gut
10.04.1974;;38;Gut
11.04.1974;;36;Gut
12.04.1974;;38;Gut
13.04.1974;;36;Gut
14.04.1974;;36;Gut
15.04.1974;;28;Gut
16.04.1974;;26;Gut
17.04.1974;;28;Gut
18.04.1974;;34;Gut
19.04.1974;;34;Gut
20.04.1974;;34;Gut
21.04.1974;;32;Gut
22.04.1974;;32;Gut
23.04.1974;;20;Gut
24.04.1974;;28;Gut
25.04.1974;;28;Gut
26.04.1974;;28;Gut
27.04.1974;;28;Gut
28.04.1974;;26;Gut
29.04.1974;;28;Gut
30.04.1974;;30;Gut
01.05.1974;;34;Gut
02.05.1974;;34;Gut
03.05.1974;;32;Gut
04.05.1974;;20;Gut
05.05.1974;;20;Gut
06.05.1974;;22;Gut
07.05.1974;;22;Gut
08.05.1974;;24;Gut
09.05.1974;;24;Gut
10.05.1974;;24;Gut
11.05.1974;;32;Gut
12.05.1974;;36;Gut
13.05.1974;;36;Gut
14.05.1974;;38;Gut
15.05.1974;;38;Gut
16.05.1974;;38;Gut
17.05.1974;;40;Gut
18.05.1974;;40;Gut
19.05.1974;;40;Gut
20.05.1974;;40;Gut
21.05.1974;;40;Gut
22.05.1974;;40;Gut
23.05.1974;;40;Gut
24.05.1974;;40;Gut
25.05.1974;;38;Gut
26.05.1974;;38;Gut
27.05.1974;;48;Gut
28.05.1974;;30;Gut
29.05.1974;;30;Gut
30.05.1974;;32;Gut
31.05.1974;;34;Gut
01.06.1974;;58;Gut
02.06.1974;;60;Gut
03.06.1974;;52;Gut
04.06.1974;;52;Gut
05.06.1974;;52;Gut
06.06.1974;;52;Gut
07.06.1974;;52;Gut
08.06.1974;;56;Gut
09.06.1974;;60;Gut
10.06.1974;;60;Gut
11.06.1974;;58;Gut
12.06.1974;;58;Gut
13.06.1974;;58;Gut
14.06.1974;;56;Gut
15.06.1974;;56;Gut
16.06.1974;;56;Gut
17.06.1974;;58;Gut
18.06.1974;;68;Gut
19.06.1974;;70;Gut
20.06.1974;;72;Gut
21.06.1974;;76;Gut
22.06.1974;;72;Gut
23.06.1974;;68;Gut
24.06.1974;;92;Gut
25.06.1974;;92;Gut
26.06.1974;;90;Gut
27.06.1974;;62;Gut
28.06.1974;;56;Gut
29.06.1974;;54;Gut
30.06.1974;;54;Gut
01.07.1974;;52;Gut
02.07.1974;;32;Gut
03.07.1974;;28;Gut
04.07.1974;;24;Gut
05.07.1974;;24;Gut
06.07.1974;;24;Gut
07.07.1974;;24;Gut
08.07.1974;;24;Gut
09.07.1974;;24;Gut
10.07.1974;;24;Gut
11.07.1974;;24;Gut
12.07.1974;;24;Gut
13.07.1974;;24;Gut
14.07.1974;;24;Gut
15.07.1974;;24;Gut
16.07.1974;;22;Gut
17.07.1974;;22;Gut
18.07.1974;;22;Gut
19.07.1974;;22;Gut
20.07.1974;;22;Gut
21.07.1974;;24;Gut
22.07.1974;;24;Gut
23.07.1974;;26;Gut
24.07.1974;;26;Gut
25.07.1974;;28;Gut
26.07.1974;;28;Gut
27.07.1974;;30;Gut
28.07.1974;;28;Gut
29.07.1974;;28;Gut
30.07.1974;;30;Gut
31.07.1974;;30;Gut
01.08.1974;;30;Gut
02.08.1974;;30;Gut
03.08.1974;;30;Gut
04.08.1974;;30;Gut
05.08.1974;;30;Gut
06.08.1974;;30;Gut
07.08.1974;;30;Gut
08.08.1974;;30;Gut
09.08.1974;;30;Gut
10.08.1974;;32;Gut
11.08.1974;;32;Gut
12.08.1974;;32;Gut
13.08.1974;;32;Gut
14.08.1974;;32;Gut
15.08.1974;;32;Gut
16.08.1974;;42;Gut
17.08.1974;;44;Gut
18.08.1974;;44;Gut
19.08.1974;;48;Gut
20.08.1974;;50;Gut
21.08.1974;;60;Gut
22.08.1974;;60;Gut
23.08.1974;;58;Gut
24.08.1974;;56;Gut
25.08.1974;;54;Gut
26.08.1974;;54;Gut
27.08.1974;;56;Gut
28.08.1974;;56;Gut
29.08.1974;;64;Gut
30.08.1974;;76;Gut
31.08.1974;;69;Gut
01.09.1974;;64;Gut
02.09.1974;;62;Gut
03.09.1974;;58;Gut
04.09.1974;;54;Gut
05.09.1974;;56;Gut
06.09.1974;;54;Gut
07.09.1974;;52;Gut
08.09.1974;;48;Gut
09.09.1974;;52;Gut
10.09.1974;;52;Gut
11.09.1974;;50;Gut
12.09.1974;;48;Gut
13.09.1974;;48;Gut
14.09.1974;;46;Gut
15.09.1974;;44;Gut
16.09.1974;;46;Gut
17.09.1974;;48;Gut
18.09.1974;;48;Gut
19.09.1974;;48;Gut
20.09.1974;;48;Gut
21.09.1974;;48;Gut
22.09.1974;;48;Gut
23.09.1974;;48;Gut
24.09.1974;;46;Gut
25.09.1974;;48;Gut
26.09.1974;;46;Gut
27.09.1974;;46;Gut
28.09.1974;;44;Gut
29.09.1974;;50;Gut
30.09.1974;;50;Gut
01.10.1974;;50;Gut
02.10.1974;;50;Gut
03.10.1974;;51;Gut
04.10.1974;;51;Gut
05.10.1974;;51;Gut
06.10.1974;;51;Gut
07.10.1974;;52;Gut
08.10.1974;;52;Gut
09.10.1974;;52;Gut
10.10.1974;;52;Gut
11.10.1974;;53;Gut
12.10.1974;;53;Gut
13.10.1974;;53;Gut
14.10.1974;;53;Gut
15.10.1974;;54;Gut
16.10.1974;;54;Gut
17.10.1974;;54;Gut
18.10.1974;;54;Gut
19.10.1974;;55;Gut
20.10.1974;;55;Gut
21.10.1974;;55;Gut
22.10.1974;;55;Gut
23.10.1974;;56;Gut
24.10.1974;;56;Gut
25.10.1974;;56;Gut
26.10.1974;;56;Gut
27.10.1974;;57;Gut
28.10.1974;;57;Gut
29.10.1974;;57;Gut
30.10.1974;;57;Gut
31.10.1974;;58;Gut
01.11.1974;;58;Gut
02.11.1974;;58;Gut
03.11.1974;;59;Gut
04.11.1974;;62;Gut
05.11.1974;;46;Gut
06.11.1974;;48;Gut
07.11.1974;;44;Gut
08.11.1974;;42;Gut
09.11.1974;;42;Gut
10.11.1974;;44;Gut
11.11.1974;;48;Gut
12.11.1974;;48;Gut
13.11.1974;;48;Gut
14.11.1974;;46;Gut
15.11.1974;;46;Gut
16.11.1974;;44;Gut
17.11.1974;;44;Gut
18.11.1974;;44;Gut
19.11.1974;;44;Gut
20.11.1974;;44;Gut
21.11.1974;;34;Gut
22.11.1974;;32;Gut
23.11.1974;;32;Gut
24.11.1974;;32;Gut
25.11.1974;;32;Gut
26.11.1974;;32;Gut
27.11.1974;;32;Gut
28.11.1974;;32;Gut
29.11.1974;;40;Gut
30.11.1974;;40;Gut
01.12.1974;;40;Gut
02.12.1974;;40;Gut
03.12.1974;;42;Gut
04.12.1974;;42;Gut
05.12.1974;;42;Gut
06.12.1974;;44;Gut
07.12.1974;;48;Gut
08.12.1974;;52;Gut
09.12.1974;;50;Gut
10.12.1974;;48;Gut
11.12.1974;;48;Gut
12.12.1974;;46;Gut
13.12.1974;;46;Gut
14.12.1974;;44;Gut
15.12.1974;;42;Gut
16.12.1974;;52;Gut
17.12.1974;;52;Gut
18.12.1974;;58;Gut
19.12.1974;;56;Gut
20.12.1974;;54;Gut
21.12.1974;;52;Gut
22.12.1974;;52;Gut
23.12.1974;;52;Gut
24.12.1974;;52;Gut
25.12.1974;;52;Gut
26.12.1974;;52;Gut
27.12.1974;;52;Gut
28.12.1974;;52;Gut
29.12.1974;;52;Gut
30.12.1974;;52;Gut
31.12.1974;;52;Gut
01.01.1975;;52;Gut
02.01.1975;;52;Gut
03.01.1975;;52;Gut
04.01.1975;;48;Gut
05.01.1975;;48;Gut
06.01.1975;;48;Gut
07.01.1975;;48;Gut
08.01.1975;;48;Gut
09.01.1975;;46;Gut
10.01.1975;;46;Gut
11.01.1975;;46;Gut
12.01.1975;;46;Gut
13.01.1975;;46;Gut
14.01.1975;;44;Gut
15.01.1975;;44;Gut
16.01.1975;;44;Gut
17.01.1975;;44;Gut
18.01.1975;;44;Gut
19.01.1975;;40;Gut
20.01.1975;;40;Gut
21.01.1975;;40;Gut
22.01.1975;;40;Gut
23.01.1975;;38;Gut
24.01.1975;;38;Gut
25.01.1975;;38;Gut
26.01.1975;;38;Gut
27.01.1975;;38;Gut
28.01.1975;;36;Gut
29.01.1975;;36;Gut
30.01.1975;;36;Gut
31.01.1975;;36;Gut
01.02.1975;;36;Gut
02.02.1975;;36;Gut
03.02.1975;;36;Gut
04.02.1975;;34;Gut
05.02.1975;;34;Gut
06.02.1975;;34;Gut
07.02.1975;;36;Gut
08.02.1975;;36;Gut
09.02.1975;;32;Gut
10.02.1975;;32;Gut
11.02.1975;;34;Gut
12.02.1975;;34;Gut
13.02.1975;;34;Gut
14.02.1975;;34;Gut
15.02.1975;;32;Gut
16.02.1975;;32;Gut
17.02.1975;;32;Gut
18.02.1975;;32;Gut
19.02.1975;;32;Gut
20.02.1975;;32;Gut
21.02.1975;;32;Gut
22.02.1975;;32;Gut
23.02.1975;;32;Gut
24.02.1975;;32;Gut
25.02.1975;;32;Gut
26.02.1975;;32;Gut
27.02.1975;;32;Gut
28.02.1975;;32;Gut
01.03.1975;;32;Gut
02.03.1975;;34;Gut
03.03.1975;;34;Gut
04.03.1975;;34;Gut
05.03.1975;;32;Gut
06.03.1975;;32;Gut
07.03.1975;;32;Gut
08.03.1975;;32;Gut
09.03.1975;;32;Gut
10.03.1975;;32;Gut
11.03.1975;;32;Gut
12.03.1975;;32;Gut
13.03.1975;;32;Gut
14.03.1975;;32;Gut
15.03.1975;;32;Gut
16.03.1975;;32;Gut
17.03.1975;;32;Gut
18.03.1975;;32;Gut
19.03.1975;;32;Gut
20.03.1975;;32;Gut
21.03.1975;;32;Gut
22.03.1975;;32;Gut
23.03.1975;;32;Gut
24.03.1975;;30;Gut
25.03.1975;;30;Gut
26.03.1975;;30;Gut
27.03.1975;;30;Gut
28.03.1975;;30;Gut
29.03.1975;;30;Gut
30.03.1975;;30;Gut
31.03.1975;;30;Gut
01.04.1975;;40;Gut
02.04.1975;;40;Gut
03.04.1975;;38;Gut
04.04.1975;;38;Gut
05.04.1975;;40;Gut
06.04.1975;;40;Gut
07.04.1975;;40;Gut
08.04.1975;;44;Gut
09.04.1975;;40;Gut
10.04.1975;;38;Gut
11.04.1975;;38;Gut
12.04.1975;;37;Gut
13.04.1975;;36;Gut
14.04.1975;;42;Gut
15.04.1975;;44;Gut
16.04.1975;;44;Gut
17.04.1975;;48;Gut
18.04.1975;;50;Gut
19.04.1975;;48;Gut
20.04.1975;;42;Gut
21.04.1975;;42;Gut
22.04.1975;;42;Gut
23.04.1975;;42;Gut
24.04.1975;;40;Gut
25.04.1975;;40;Gut
26.04.1975;;38;Gut
27.04.1975;;38;Gut
28.04.1975;;34;Gut
29.04.1975;;32;Gut
30.04.1975;;32;Gut
01.05.1975;;32;Gut
02.05.1975;;32;Gut
03.05.1975;;30;Gut
04.05.1975;;30;Gut
05.05.1975;;28;Gut
06.05.1975;;28;Gut
07.05.1975;;28;Gut
08.05.1975;;26;Gut
09.05.1975;;24;Gut
10.05.1975;;20;Gut
11.05.1975;;18;Gut
12.05.1975;;18;Gut
13.05.1975;;18;Gut
14.05.1975;;18;Gut
15.05.1975;;16;Gut
16.05.1975;;14;Gut
17.05.1975;;10;Gut
18.05.1975;;10;Gut
19.05.1975;;10;Gut
20.05.1975;;10;Gut
21.05.1975;;10;Gut
22.05.1975;;10;Gut
23.05.1975;;10;Gut
24.05.1975;;10;Gut
25.05.1975;;10;Gut
26.05.1975;;44;Gut
27.05.1975;;48;Gut
28.05.1975;;46;Gut
29.05.1975;;44;Gut
30.05.1975;;42;Gut
31.05.1975;;40;Gut
01.06.1975;;38;Gut
02.06.1975;;56;Gut
03.06.1975;;50;Gut
04.06.1975;;49;Gut
05.06.1975;;46;Gut
06.06.1975;;52;Gut
07.06.1975;;58;Gut
08.06.1975;;60;Gut
09.06.1975;;52;Gut
10.06.1975;;46;Gut
11.06.1975;;48;Gut
12.06.1975;;56;Gut
13.06.1975;;52;Gut
14.06.1975;;48;Gut
15.06.1975;;52;Gut
16.06.1975;;60;Gut
17.06.1975;;62;Gut
18.06.1975;;58;Gut
19.06.1975;;60;Gut
20.06.1975;;62;Gut
21.06.1975;;64;Gut
22.06.1975;;76;Gut
23.06.1975;;80;Gut
24.06.1975;;80;Gut
25.06.1975;;82;Gut
26.06.1975;;78;Gut
27.06.1975;;76;Gut
28.06.1975;;74;Gut
29.06.1975;;72;Gut
30.06.1975;;70;Gut
01.07.1975;;64;Gut
02.07.1975;;62;Gut
03.07.1975;;62;Gut
04.07.1975;;62;Gut
05.07.1975;;70;Gut
06.07.1975;;58;Gut
07.07.1975;;54;Gut
08.07.1975;;32;Gut
09.07.1975;;32;Gut
10.07.1975;;26;Gut
11.07.1975;;20;Gut
12.07.1975;;20;Gut
13.07.1975;;20;Gut
14.07.1975;;20;Gut
15.07.1975;;20;Gut
16.07.1975;;20;Gut
17.07.1975;;20;Gut
18.07.1975;;20;Gut
19.07.1975;;20;Gut
20.07.1975;;20;Gut
21.07.1975;;34;Gut
22.07.1975;;38;Gut
23.07.1975;;38;Gut
24.07.1975;;38;Gut
25.07.1975;;36;Gut
26.07.1975;;36;Gut
27.07.1975;;34;Gut
28.07.1975;;34;Gut
29.07.1975;;30;Gut
30.07.1975;;28;Gut
31.07.1975;;26;Gut
01.08.1975;;27;Gut
02.08.1975;;27;Gut
03.08.1975;;28;Gut
04.08.1975;;29;Gut
05.08.1975;;30;Gut
06.08.1975;;31;Gut
07.08.1975;;31;Gut
08.08.1975;;32;Gut
09.08.1975;;33;Gut
10.08.1975;;34;Gut
11.08.1975;;34;Gut
12.08.1975;;35;Gut
13.08.1975;;36;Gut
14.08.1975;;37;Gut
15.08.1975;;37;Gut
16.08.1975;;38;Gut
17.08.1975;;39;Gut
18.08.1975;;40;Gut
19.08.1975;;41;Gut
20.08.1975;;41;Gut
21.08.1975;;42;Gut
22.08.1975;;43;Gut
23.08.1975;;44;Gut
24.08.1975;;44;Gut
25.08.1975;;45;Gut
26.08.1975;;46;Gut
27.08.1975;;47;Gut
28.08.1975;;48;Gut
29.08.1975;;48;Gut
30.08.1975;;49;Gut
31.08.1975;;50;Gut
01.09.1975;;50;Gut
02.09.1975;;50;Gut
03.09.1975;;52;Gut
04.09.1975;;52;Gut
05.09.1975;;52;Gut
06.09.1975;;52;Gut
07.09.1975;;52;Gut
08.09.1975;;50;Gut
09.09.1975;;50;Gut
10.09.1975;;52;Gut
11.09.1975;;52;Gut
12.09.1975;;58;Gut
13.09.1975;;54;Gut
14.09.1975;;58;Gut
15.09.1975;;56;Gut
16.09.1975;;54;Gut
17.09.1975;;52;Gut
18.09.1975;;52;Gut
19.09.1975;;52;Gut
20.09.1975;;56;Gut
21.09.1975;;56;Gut
22.09.1975;;52;Gut
23.09.1975;;52;Gut
24.09.1975;;52;Gut
25.09.1975;;52;Gut
26.09.1975;;52;Gut
27.09.1975;;52;Gut
28.09.1975;;52;Gut
29.09.1975;;52;Gut
30.09.1975;;52;Gut
01.10.1975;;52;Gut
02.10.1975;;52;Gut
03.10.1975;;52;Gut
04.10.1975;;52;Gut
05.10.1975;;52;Gut
06.10.1975;;52;Gut
07.10.1975;;53;Gut
08.10.1975;;54;Gut
09.10.1975;;54;Gut
10.10.1975;;54;Gut
11.10.1975;;54;Gut
12.10.1975;;54;Gut
13.10.1975;;54;Gut
14.10.1975;;54;Gut
15.10.1975;;58;Gut
16.10.1975;;62;Gut
17.10.1975;;60;Gut
18.10.1975;;59;Gut
19.10.1975;;50;Gut
20.10.1975;;50;Gut
21.10.1975;;50;Gut
22.10.1975;;54;Gut
23.10.1975;;56;Gut
24.10.1975;;58;Gut
25.10.1975;;62;Gut
26.10.1975;;62;Gut
27.10.1975;;62;Gut
28.10.1975;;62;Gut
29.10.1975;;60;Gut
30.10.1975;;60;Gut
31.10.1975;;59;Gut
01.11.1975;;58;Gut
02.11.1975;;58;Gut
03.11.1975;;54;Gut
04.11.1975;;56;Gut
05.11.1975;;58;Gut
06.11.1975;;58;Gut
07.11.1975;;56;Gut
08.11.1975;;54;Gut
09.11.1975;;52;Gut
10.11.1975;;52;Gut
11.11.1975;;52;Gut
12.11.1975;;52;Gut
13.11.1975;;52;Gut
14.11.1975;;60;Gut
15.11.1975;;56;Gut
16.11.1975;;56;Gut
17.11.1975;;54;Gut
18.11.1975;;52;Gut
19.11.1975;;52;Gut
20.11.1975;;52;Gut
21.11.1975;;48;Gut
22.11.1975;;46;Gut
23.11.1975;;32;Gut
24.11.1975;;32;Gut
25.11.1975;;30;Gut
26.11.1975;;30;Gut
27.11.1975;;34;Gut
28.11.1975;;36;Gut
29.11.1975;;42;Gut
30.11.1975;;38;Gut
01.12.1975;;42;Gut
02.12.1975;;44;Gut
03.12.1975;;42;Gut
04.12.1975;;42;Gut
05.12.1975;;42;Gut
06.12.1975;;42;Gut
07.12.1975;;54;Gut
08.12.1975;;54;Gut
09.12.1975;;56;Gut
10.12.1975;;58;Gut
11.12.1975;;58;Gut
12.12.1975;;60;Gut
13.12.1975;;56;Gut
14.12.1975;;56;Gut
15.12.1975;;52;Gut
16.12.1975;;52;Gut
17.12.1975;;52;Gut
18.12.1975;;52;Gut
19.12.1975;;52;Gut
20.12.1975;;52;Gut
21.12.1975;;52;Gut
22.12.1975;;52;Gut
23.12.1975;;52;Gut
24.12.1975;;48;Gut
25.12.1975;;46;Gut
26.12.1975;;46;Gut
27.12.1975;;42;Gut
28.12.1975;;36;Gut
29.12.1975;;32;Gut
30.12.1975;;28;Gut
31.12.1975;;26;Gut
01.01.1976;;26;Gut
02.01.1976;;24;Gut
03.01.1976;;24;Gut
04.01.1976;;28;Gut
05.01.1976;;28;Gut
06.01.1976;;30;Gut
07.01.1976;;34;Gut
08.01.1976;;38;Gut
09.01.1976;;38;Gut
10.01.1976;;40;Gut
11.01.1976;;36;Gut
12.01.1976;;36;Gut
13.01.1976;;36;Gut
14.01.1976;;36;Gut
15.01.1976;;36;Gut
16.01.1976;;34;Gut
17.01.1976;;34;Gut
18.01.1976;;32;Gut
19.01.1976;;36;Gut
20.01.1976;;38;Gut
21.01.1976;;42;Gut
22.01.1976;;46;Gut
23.01.1976;;44;Gut
24.01.1976;;40;Gut
25.01.1976;;40;Gut
26.01.1976;;40;Gut
27.01.1976;;40;Gut
28.01.1976;;38;Gut
29.01.1976;;38;Gut
30.01.1976;;36;Gut
31.01.1976;;36;Gut
01.02.1976;;36;Gut
02.02.1976;;34;Gut
03.02.1976;;34;Gut
04.02.1976;;34;Gut
05.02.1976;;34;Gut
06.02.1976;;32;Gut
07.02.1976;;32;Gut
08.02.1976;;32;Gut
09.02.1976;;30;Gut
10.02.1976;;30;Gut
11.02.1976;;30;Gut
12.02.1976;;28;Gut
13.02.1976;;28;Gut
14.02.1976;;28;Gut
15.02.1976;;26;Gut
16.02.1976;;26;Gut
17.02.1976;;26;Gut
18.02.1976;;24;Gut
19.02.1976;;26;Gut
20.02.1976;;24;Gut
21.02.1976;;20;Gut
22.02.1976;;18;Gut
23.02.1976;;18;Gut
24.02.1976;;18;Gut
25.02.1976;;18;Gut
26.02.1976;;20;Gut
27.02.1976;;18;Gut
28.02.1976;;16;Gut
29.02.1976;;18;Gut
01.03.1976;;34;Gut
02.03.1976;;26;Gut
03.03.1976;;26;Gut
04.03.1976;;30;Gut
05.03.1976;;30;Gut
06.03.1976;;30;Gut
07.03.1976;;28;Gut
08.03.1976;;26;Gut
09.03.1976;;28;Gut
10.03.1976;;30;Gut
11.03.1976;;26;Gut
12.03.1976;;26;Gut
13.03.1976;;26;Gut
14.03.1976;;26;Gut
15.03.1976;;26;Gut
16.03.1976;;26;Gut
17.03.1976;;26;Gut
18.03.1976;;28;Gut
19.03.1976;;28;Gut
20.03.1976;;20;Gut
21.03.1976;;14;Gut
22.03.1976;;12;Gut
23.03.1976;;12;Gut
24.03.1976;;14;Gut
25.03.1976;;16;Gut
26.03.1976;;16;Gut
27.03.1976;;18;Gut
28.03.1976;;20;Gut
29.03.1976;;18;Gut
30.03.1976;;14;Gut
31.03.1976;;16;Gut
01.04.1976;;18;Gut
02.04.1976;;16;Gut
03.04.1976;;16;Gut
04.04.1976;;46;Gut
05.04.1976;;44;Gut
06.04.1976;;44;Gut
07.04.1976;;42;Gut
08.04.1976;;42;Gut
09.04.1976;;40;Gut
10.04.1976;;38;Gut
11.04.1976;;36;Gut
12.04.1976;;36;Gut
13.04.1976;;38;Gut
14.04.1976;;36;Gut
15.04.1976;;34;Gut
16.04.1976;;32;Gut
17.04.1976;;32;Gut
18.04.1976;;32;Gut
19.04.1976;;32;Gut
20.04.1976;;32;Gut
21.04.1976;;32;Gut
22.04.1976;;32;Gut
23.04.1976;;32;Gut
24.04.1976;;32;Gut
25.04.1976;;32;Gut
26.04.1976;;30;Gut
27.04.1976;;28;Gut
28.04.1976;;26;Gut
29.04.1976;;26;Gut
30.04.1976;;26;Gut
01.05.1976;;28;Gut
02.05.1976;;32;Gut
03.05.1976;;30;Gut
04.05.1976;;32;Gut
05.05.1976;;32;Gut
06.05.1976;;30;Gut
07.05.1976;;28;Gut
08.05.1976;;28;Gut
09.05.1976;;26;Gut
10.05.1976;;18;Gut
11.05.1976;;18;Gut
12.05.1976;;20;Gut
13.05.1976;;20;Gut
14.05.1976;;20;Gut
15.05.1976;;20;Gut
16.05.1976;;20;Gut
17.05.1976;;20;Gut
18.05.1976;;20;Gut
19.05.1976;;18;Gut
20.05.1976;;16;Gut
21.05.1976;;18;Gut
22.05.1976;;20;Gut
23.05.1976;;26;Gut
24.05.1976;;26;Gut
25.05.1976;;24;Gut
26.05.1976;;24;Gut
27.05.1976;;26;Gut
28.05.1976;;26;Gut
29.05.1976;;28;Gut
30.05.1976;;30;Gut
31.05.1976;;30;Gut
01.06.1976;;32;Gut
02.06.1976;;32;Gut
03.06.1976;;36;Gut
04.06.1976;;36;Gut
05.06.1976;;34;Gut
06.06.1976;;30;Gut
07.06.1976;;28;Gut
08.06.1976;;28;Gut
09.06.1976;;24;Gut
10.06.1976;;24;Gut
11.06.1976;;22;Gut
12.06.1976;;22;Gut
13.06.1976;;30;Gut
14.06.1976;;32;Gut
15.06.1976;;34;Gut
16.06.1976;;34;Gut
17.06.1976;;36;Gut
18.06.1976;;40;Gut
19.06.1976;;48;Gut
20.06.1976;;46;Gut
21.06.1976;;46;Gut
22.06.1976;;44;Gut
23.06.1976;;46;Gut
24.06.1976;;42;Gut
25.06.1976;;40;Gut
26.06.1976;;38;Gut
27.06.1976;;38;Gut
28.06.1976;;36;Gut
29.06.1976;;34;Gut
30.06.1976;;34;Gut
01.07.1976;;36;Gut
02.07.1976;;34;Gut
03.07.1976;;36;Gut
04.07.1976;;38;Gut
05.07.1976;;40;Gut
06.07.1976;;40;Gut
07.07.1976;;42;Gut
08.07.1976;;44;Gut
09.07.1976;;48;Gut
10.07.1976;;46;Gut
11.07.1976;;46;Gut
12.07.1976;;44;Gut
13.07.1976;;42;Gut
14.07.1976;;42;Gut
15.07.1976;;42;Gut
16.07.1976;;42;Gut
17.07.1976;;42;Gut
18.07.1976;;42;Gut
19.07.1976;;42;Gut
20.07.1976;;42;Gut
21.07.1976;;42;Gut
22.07.1976;;42;Gut
23.07.1976;;42;Gut
24.07.1976;;40;Gut
25.07.1976;;40;Gut
26.07.1976;;40;Gut
27.07.1976;;40;Gut
28.07.1976;;40;Gut
29.07.1976;;40;Gut
30.07.1976;;40;Gut
31.07.1976;;40;Gut
01.08.1976;;40;Gut
02.08.1976;;40;Gut
03.08.1976;;40;Gut
04.08.1976;;40;Gut
05.08.1976;;40;Gut
06.08.1976;;40;Gut
07.08.1976;;40;Gut
08.08.1976;;40;Gut
09.08.1976;;40;Gut
10.08.1976;;40;Gut
11.08.1976;;40;Gut
12.08.1976;;40;Gut
13.08.1976;;40;Gut
14.08.1976;;40;Gut
15.08.1976;;40;Gut
16.08.1976;;40;Gut
17.08.1976;;40;Gut
18.08.1976;;38;Gut
19.08.1976;;38;Gut
20.08.1976;;38;Gut
21.08.1976;;38;Gut
22.08.1976;;36;Gut
23.08.1976;;36;Gut
24.08.1976;;36;Gut
25.08.1976;;34;Gut
26.08.1976;;34;Gut
27.08.1976;;32;Gut
28.08.1976;;30;Gut
29.08.1976;;30;Gut
30.08.1976;;30;Gut
31.08.1976;;28;Gut
01.09.1976;;28;Gut
02.09.1976;;26;Gut
03.09.1976;;26;Gut
04.09.1976;;26;Gut
05.09.1976;;26;Gut
06.09.1976;;26;Gut
07.09.1976;;26;Gut
08.09.1976;;24;Gut
09.09.1976;;24;Gut
10.09.1976;;24;Gut
11.09.1976;;22;Gut
12.09.1976;;22;Gut
13.09.1976;;22;Gut
14.09.1976;;22;Gut
15.09.1976;;22;Gut
16.09.1976;;22;Gut
17.09.1976;;22;Gut
18.09.1976;;22;Gut
19.09.1976;;22;Gut
20.09.1976;;22;Gut
21.09.1976;;22;Gut
22.09.1976;;22;Gut
23.09.1976;;24;Gut
24.09.1976;;24;Gut
25.09.1976;;24;Gut
26.09.1976;;24;Gut
27.09.1976;;24;Gut
28.09.1976;;24;Gut
29.09.1976;;26;Gut
30.09.1976;;26;Gut
01.10.1976;;26;Gut
02.10.1976;;26;Gut
03.10.1976;;26;Gut
04.10.1976;;26;Gut
05.10.1976;;26;Gut
06.10.1976;;26;Gut
07.10.1976;;26;Gut
08.10.1976;;24;Gut
09.10.1976;;22;Gut
10.10.1976;;20;Gut
11.10.1976;;20;Gut
12.10.1976;;20;Gut
13.10.1976;;20;Gut
14.10.1976;;24;Gut
15.10.1976;;24;Gut
16.10.1976;;26;Gut
17.10.1976;;26;Gut
18.10.1976;;26;Gut
19.10.1976;;28;Gut
20.10.1976;;26;Gut
21.10.1976;;26;Gut
22.10.1976;;26;Gut
23.10.1976;;26;Gut
24.10.1976;;26;Gut
25.10.1976;;26;Gut
26.10.1976;;26;Gut
27.10.1976;;30;Gut
28.10.1976;;36;Gut
29.10.1976;;54;Gut
30.10.1976;;53;Gut
31.10.1976;;46;Gut
01.11.1976;;52;Gut
02.11.1976;;48;Gut
03.11.1976;;48;Gut
04.11.1976;;46;Gut
05.11.1976;;46;Gut
06.11.1976;;46;Gut
07.11.1976;;46;Gut
08.11.1976;;46;Gut
09.11.1976;;46;Gut
10.11.1976;;46;Gut
11.11.1976;;44;Gut
12.11.1976;;42;Gut
13.11.1976;;42;Gut
14.11.1976;;52;Gut
15.11.1976;;62;Gut
16.11.1976;;50;Gut
17.11.1976;;46;Gut
18.11.1976;;56;Gut
19.11.1976;;50;Gut
20.11.1976;;52;Gut
21.11.1976;;50;Gut
22.11.1976;;48;Gut
23.11.1976;;46;Gut
24.11.1976;;48;Gut
25.11.1976;;48;Gut
26.11.1976;;46;Gut
27.11.1976;;46;Gut
28.11.1976;;46;Gut
29.11.1976;;44;Gut
30.11.1976;;42;Gut
01.12.1976;;40;Gut
02.12.1976;;34;Gut
03.12.1976;;30;Gut
04.12.1976;;26;Gut
05.12.1976;;20;Gut
06.12.1976;;20;Gut
07.12.1976;;22;Gut
08.12.1976;;22;Gut
09.12.1976;;24;Gut
10.12.1976;;26;Gut
11.12.1976;;28;Gut
12.12.1976;;26;Gut
13.12.1976;;30;Gut
14.12.1976;;32;Gut
15.12.1976;;38;Gut
16.12.1976;;34;Gut
17.12.1976;;34;Gut
18.12.1976;;32;Gut
19.12.1976;;32;Gut
20.12.1976;;30;Gut
21.12.1976;;26;Gut
22.12.1976;;26;Gut
23.12.1976;;24;Gut
24.12.1976;;22;Gut
25.12.1976;;22;Gut
26.12.1976;;22;Gut
27.12.1976;;20;Gut
28.12.1976;;20;Gut
29.12.1976;;20;Gut
30.12.1976;;20;Gut
31.12.1976;;20;Gut
01.01.1977;;20;Gut
02.01.1977;;20;Gut
03.01.1977;;20;Gut
04.01.1977;;20;Gut
05.01.1977;;20;Gut
06.01.1977;;20;Gut
07.01.1977;;20;Gut
08.01.1977;;20;Gut
09.01.1977;;20;Gut
10.01.1977;;20;Gut
11.01.1977;;20;Gut
12.01.1977;;20;Gut
13.01.1977;;20;Gut
14.01.1977;;20;Gut
15.01.1977;;20;Gut
16.01.1977;;20;Gut
17.01.1977;;20;Gut
18.01.1977;;20;Gut
19.01.1977;;20;Gut
20.01.1977;;20;Gut
21.01.1977;;20;Gut
22.01.1977;;22;Gut
23.01.1977;;22;Gut
24.01.1977;;22;Gut
25.01.1977;;22;Gut
26.01.1977;;22;Gut
27.01.1977;;22;Gut
28.01.1977;;22;Gut
29.01.1977;;22;Gut
30.01.1977;;22;Gut
31.01.1977;;22;Gut
01.02.1977;;22;Gut
02.02.1977;;20;Gut
03.02.1977;;20;Gut
04.02.1977;;20;Gut
05.02.1977;;20;Gut
06.02.1977;;20;Gut
07.02.1977;;20;Gut
08.02.1977;;20;Gut
09.02.1977;;40;Gut
10.02.1977;;32;Gut
11.02.1977;;34;Gut
12.02.1977;;32;Gut
13.02.1977;;30;Gut
14.02.1977;;30;Gut
15.02.1977;;30;Gut
16.02.1977;;29;Gut
17.02.1977;;32;Gut
18.02.1977;;30;Gut
19.02.1977;;30;Gut
20.02.1977;;30;Gut
21.02.1977;;38;Gut
22.02.1977;;38;Gut
23.02.1977;;36;Gut
24.02.1977;;34;Gut
25.02.1977;;32;Gut
26.02.1977;;32;Gut
27.02.1977;;32;Gut
28.02.1977;;32;Gut
01.03.1977;;30;Gut
02.03.1977;;28;Gut
03.03.1977;;34;Gut
04.03.1977;;36;Gut
05.03.1977;;32;Gut
06.03.1977;;30;Gut
07.03.1977;;30;Gut
08.03.1977;;30;Gut
09.03.1977;;30;Gut
10.03.1977;;30;Gut
11.03.1977;;30;Gut
12.03.1977;;30;Gut
13.03.1977;;30;Gut
14.03.1977;;35;Gut
15.03.1977;;28;Gut
16.03.1977;;28;Gut
17.03.1977;;28;Gut
18.03.1977;;26;Gut
19.03.1977;;26;Gut
20.03.1977;;26;Gut
21.03.1977;;24;Gut
22.03.1977;;22;Gut
23.03.1977;;22;Gut
24.03.1977;;70;Gut
25.03.1977;;66;Gut
26.03.1977;;62;Gut
27.03.1977;;50;Gut
28.03.1977;;62;Gut
29.03.1977;;62;Gut
30.03.1977;;60;Gut
31.03.1977;;56;Gut
01.04.1977;;54;Gut
02.04.1977;;56;Gut
03.04.1977;;56;Gut
04.04.1977;;58;Gut
05.04.1977;;64;Gut
06.04.1977;;68;Gut
07.04.1977;;64;Gut
08.04.1977;;60;Gut
09.04.1977;;68;Gut
10.04.1977;;64;Gut
11.04.1977;;58;Gut
12.04.1977;;62;Gut
13.04.1977;;64;Gut
14.04.1977;;68;Gut
15.04.1977;;74;Gut
16.04.1977;;32;Gut
17.04.1977;;32;Gut
18.04.1977;;30;Gut
19.04.1977;;28;Gut
20.04.1977;;28;Gut
21.04.1977;;28;Gut
22.04.1977;;28;Gut
23.04.1977;;28;Gut
24.04.1977;;56;Gut
25.04.1977;;56;Gut
26.04.1977;;58;Gut
27.04.1977;;70;Gut
28.04.1977;;66;Gut
29.04.1977;;54;Gut
30.04.1977;;60;Gut
01.05.1977;;62;Gut
02.05.1977;;66;Gut
03.05.1977;;62;Gut
04.05.1977;;56;Gut
05.05.1977;;56;Gut
06.05.1977;;70;Gut
07.05.1977;;68;Gut
08.05.1977;;66;Gut
09.05.1977;;62;Gut
10.05.1977;;56;Gut
11.05.1977;;54;Gut
12.05.1977;;54;Gut
13.05.1977;;58;Gut
14.05.1977;;58;Gut
15.05.1977;;56;Gut
16.05.1977;;54;Gut
17.05.1977;;52;Gut
18.05.1977;;52;Gut
19.05.1977;;54;Gut
20.05.1977;;60;Gut
21.05.1977;;68;Gut
22.05.1977;;68;Gut
23.05.1977;;88;Gut
24.05.1977;;88;Gut
25.05.1977;;84;Gut
26.05.1977;;72;Gut
27.05.1977;;64;Gut
28.05.1977;;64;Gut
29.05.1977;;70;Gut
30.05.1977;;68;Gut
31.05.1977;;64;Gut
01.06.1977;;56;Gut
02.06.1977;;46;Gut
03.06.1977;;46;Gut
04.06.1977;;46;Gut
05.06.1977;;46;Gut
06.06.1977;;44;Gut
07.06.1977;;56;Gut
08.06.1977;;62;Gut
09.06.1977;;58;Gut
10.06.1977;;56;Gut
11.06.1977;;54;Gut
12.06.1977;;54;Gut
13.06.1977;;70;Gut
14.06.1977;;68;Gut
15.06.1977;;62;Gut
16.06.1977;;86;Gut
17.06.1977;;100;Gut
18.06.1977;;74;Gut
19.06.1977;;64;Gut
20.06.1977;;58;Gut
21.06.1977;;54;Gut
22.06.1977;;56;Gut
23.06.1977;;56;Gut
24.06.1977;;56;Gut
25.06.1977;;56;Gut
26.06.1977;;54;Gut
27.06.1977;;54;Gut
28.06.1977;;54;Gut
29.06.1977;;54;Gut
30.06.1977;;52;Gut
01.07.1977;;52;Gut
02.07.1977;;54;Gut
03.07.1977;;54;Gut
04.07.1977;;68;Gut
05.07.1977;;68;Gut
06.07.1977;;72;Gut
07.07.1977;;80;Gut
08.07.1977;;86;Gut
09.07.1977;;94;Gut
10.07.1977;;96;Gut
11.07.1977;;100;Gut
12.07.1977;;100;Gut
13.07.1977;;96;Gut
14.07.1977;;94;Gut
15.07.1977;;90;Gut
16.07.1977;;88;Gut
17.07.1977;;90;Gut
18.07.1977;;82;Gut
19.07.1977;;86;Gut
20.07.1977;;84;Gut
21.07.1977;;82;Gut
22.07.1977;;80;Gut
23.07.1977;;80;Gut
24.07.1977;;82;Gut
25.07.1977;;62;Gut
26.07.1977;;58;Gut
27.07.1977;;56;Gut
28.07.1977;;54;Gut
29.07.1977;;52;Gut
30.07.1977;;52;Gut
31.07.1977;;52;Gut
01.08.1977;;52;Gut
02.08.1977;;50;Gut
03.08.1977;;50;Gut
04.08.1977;;52;Gut
05.08.1977;;50;Gut
06.08.1977;;50;Gut
07.08.1977;;50;Gut
08.08.1977;;54;Gut
09.08.1977;;54;Gut
10.08.1977;;62;Gut
11.08.1977;;68;Gut
12.08.1977;;98;Gut
13.08.1977;;100;Gut
14.08.1977;;68;Gut
15.08.1977;;66;Gut
16.08.1977;;64;Gut
17.08.1977;;60;Gut
18.08.1977;;60;Gut
19.08.1977;;58;Gut
20.08.1977;;56;Gut
21.08.1977;;56;Gut
22.08.1977;;56;Gut
23.08.1977;;54;Gut
24.08.1977;;54;Gut
25.08.1977;;52;Gut
26.08.1977;;52;Gut
27.08.1977;;52;Gut
28.08.1977;;50;Gut
29.08.1977;;50;Gut
30.08.1977;;52;Gut
31.08.1977;;52;Gut
01.09.1977;;52;Gut
02.09.1977;;52;Gut
03.09.1977;;60;Gut
04.09.1977;;62;Gut
05.09.1977;;66;Gut
06.09.1977;;62;Gut
07.09.1977;;62;Gut
08.09.1977;;62;Gut
09.09.1977;;64;Gut
10.09.1977;;64;Gut
11.09.1977;;64;Gut
12.09.1977;;64;Gut
13.09.1977;;64;Gut
14.09.1977;;64;Gut
15.09.1977;;64;Gut
16.09.1977;;64;Gut
17.09.1977;;64;Gut
18.09.1977;;64;Gut
19.09.1977;;62;Gut
20.09.1977;;62;Gut
21.09.1977;;62;Gut
22.09.1977;;60;Gut
23.09.1977;;60;Gut
24.09.1977;;62;Gut
25.09.1977;;60;Gut
26.09.1977;;60;Gut
27.09.1977;;58;Gut
28.09.1977;;58;Gut
29.09.1977;;58;Gut
30.09.1977;;60;Gut
01.10.1977;;60;Gut
02.10.1977;;60;Gut
03.10.1977;;60;Gut
04.10.1977;;60;Gut
05.10.1977;;60;Gut
06.10.1977;;60;Gut
07.10.1977;;60;Gut
08.10.1977;;60;Gut
09.10.1977;;58;Gut
10.10.1977;;58;Gut
11.10.1977;;54;Gut
12.10.1977;;52;Gut
13.10.1977;;48;Gut
14.10.1977;;46;Gut
15.10.1977;;46;Gut
16.10.1977;;42;Gut
17.10.1977;;38;Gut
18.10.1977;;36;Gut
19.10.1977;;36;Gut
20.10.1977;;32;Gut
21.10.1977;;32;Gut
22.10.1977;;32;Gut
23.10.1977;;32;Gut
24.10.1977;;32;Gut
25.10.1977;;30;Gut
26.10.1977;;30;Gut
27.10.1977;;30;Gut
28.10.1977;;30;Gut
29.10.1977;;30;Gut
30.10.1977;;30;Gut
31.10.1977;;30;Gut
01.11.1977;;30;Gut
02.11.1977;;30;Gut
03.11.1977;;30;Gut
04.11.1977;;30;Gut
05.11.1977;;44;Gut
06.11.1977;;44;Gut
07.11.1977;;44;Gut
08.11.1977;;44;Gut
09.11.1977;;44;Gut
10.11.1977;;46;Gut
11.11.1977;;46;Gut
12.11.1977;;46;Gut
13.11.1977;;46;Gut
14.11.1977;;50;Gut
15.11.1977;;48;Gut
16.11.1977;;48;Gut
17.11.1977;;46;Gut
18.11.1977;;44;Gut
19.11.1977;;42;Gut
20.11.1977;;40;Gut
21.11.1977;;38;Gut
22.11.1977;;38;Gut
23.11.1977;;34;Gut
24.11.1977;;34;Gut
25.11.1977;;36;Gut
26.11.1977;;40;Gut
27.11.1977;;40;Gut
28.11.1977;;38;Gut
29.11.1977;;36;Gut
30.11.1977;;36;Gut
01.12.1977;;34;Gut
02.12.1977;;34;Gut
03.12.1977;;32;Gut
04.12.1977;;30;Gut
05.12.1977;;30;Gut
06.12.1977;;30;Gut
07.12.1977;;30;Gut
08.12.1977;;28;Gut
09.12.1977;;28;Gut
10.12.1977;;28;Gut
11.12.1977;;26;Gut
12.12.1977;;26;Gut
13.12.1977;;30;Gut
14.12.1977;;30;Gut
15.12.1977;;28;Gut
16.12.1977;;26;Gut
17.12.1977;;26;Gut
18.12.1977;;26;Gut
19.12.1977;;26;Gut
20.12.1977;;26;Gut
21.12.1977;;38;Gut
22.12.1977;;38;Gut
23.12.1977;;36;Gut
24.12.1977;;34;Gut
25.12.1977;;32;Gut
26.12.1977;;32;Gut
27.12.1977;;36;Gut
28.12.1977;;36;Gut
29.12.1977;;36;Gut
30.12.1977;;40;Gut
31.12.1977;;42;Gut
01.01.1978;;42;Gut
02.01.1978;;42;Gut
03.01.1978;;40;Gut
04.01.1978;;40;Gut
05.01.1978;;38;Gut
06.01.1978;;38;Gut
07.01.1978;;38;Gut
08.01.1978;;38;Gut
09.01.1978;;38;Gut
10.01.1978;;38;Gut
11.01.1978;;38;Gut
12.01.1978;;38;Gut
13.01.1978;;38;Gut
14.01.1978;;38;Gut
15.01.1978;;38;Gut
16.01.1978;;38;Gut
17.01.1978;;38;Gut
18.01.1978;;38;Gut
19.01.1978;;38;Gut
20.01.1978;;38;Gut
21.01.1978;;38;Gut
22.01.1978;;34;Gut
23.01.1978;;32;Gut
24.01.1978;;32;Gut
25.01.1978;;32;Gut
26.01.1978;;32;Gut
27.01.1978;;34;Gut
28.01.1978;;34;Gut
29.01.1978;;36;Gut
30.01.1978;;36;Gut
31.01.1978;;36;Gut
01.02.1978;;36;Gut
02.02.1978;;36;Gut
03.02.1978;;38;Gut
04.02.1978;;38;Gut
05.02.1978;;38;Gut
06.02.1978;;36;Gut
07.02.1978;;36;Gut
08.02.1978;;36;Gut
09.02.1978;;36;Gut
10.02.1978;;38;Gut
11.02.1978;;42;Gut
12.02.1978;;44;Gut
13.02.1978;;42;Gut
14.02.1978;;40;Gut
15.02.1978;;40;Gut
16.02.1978;;40;Gut
17.02.1978;;40;Gut
18.02.1978;;40;Gut
19.02.1978;;38;Gut
20.02.1978;;38;Gut
21.02.1978;;36;Gut
22.02.1978;;34;Gut
23.02.1978;;30;Gut
24.02.1978;;30;Gut
25.02.1978;;28;Gut
26.02.1978;;28;Gut
27.02.1978;;38;Gut
28.02.1978;;40;Gut
01.03.1978;;34;Gut
02.03.1978;;32;Gut
03.03.1978;;30;Gut
04.03.1978;;30;Gut
05.03.1978;;30;Gut
06.03.1978;;28;Gut
07.03.1978;;28;Gut
08.03.1978;;30;Gut
09.03.1978;;32;Gut
10.03.1978;;30;Gut
11.03.1978;;34;Gut
12.03.1978;;34;Gut
13.03.1978;;34;Gut
14.03.1978;;34;Gut
15.03.1978;;34;Gut
16.03.1978;;32;Gut
17.03.1978;;30;Gut
18.03.1978;;30;Gut
19.03.1978;;30;Gut
20.03.1978;;32;Gut
21.03.1978;;32;Gut
22.03.1978;;38;Gut
23.03.1978;;36;Gut
24.03.1978;;36;Gut
25.03.1978;;34;Gut
26.03.1978;;34;Gut
27.03.1978;;32;Gut
28.03.1978;;32;Gut
29.03.1978;;32;Gut
30.03.1978;;32;Gut
31.03.1978;;34;Gut
01.04.1978;;32;Gut
02.04.1978;;32;Gut
03.04.1978;;32;Gut
04.04.1978;;32;Gut
05.04.1978;;30;Gut
06.04.1978;;30;Gut
07.04.1978;;28;Gut
08.04.1978;;28;Gut
09.04.1978;;28;Gut
10.04.1978;;48;Gut
11.04.1978;;52;Gut
12.04.1978;;52;Gut
13.04.1978;;52;Gut
14.04.1978;;50;Gut
15.04.1978;;52;Gut
16.04.1978;;52;Gut
17.04.1978;;50;Gut
18.04.1978;;50;Gut
19.04.1978;;48;Gut
20.04.1978;;46;Gut
21.04.1978;;40;Gut
22.04.1978;;28;Gut
23.04.1978;;26;Gut
24.04.1978;;24;Gut
25.04.1978;;26;Gut
26.04.1978;;26;Gut
27.04.1978;;28;Gut
28.04.1978;;28;Gut
29.04.1978;;36;Gut
30.04.1978;;38;Gut
01.05.1978;;38;Gut
02.05.1978;;40;Gut
03.05.1978;;46;Gut
04.05.1978;;46;Gut
05.05.1978;;46;Gut
06.05.1978;;46;Gut
07.05.1978;;46;Gut
08.05.1978;;44;Gut
09.05.1978;;46;Gut
10.05.1978;;46;Gut
11.05.1978;;48;Gut
12.05.1978;;50;Gut
13.05.1978;;50;Gut
14.05.1978;;50;Gut
15.05.1978;;50;Gut
16.05.1978;;50;Gut
17.05.1978;;50;Gut
18.05.1978;;48;Gut
19.05.1978;;50;Gut
20.05.1978;;50;Gut
21.05.1978;;50;Gut
22.05.1978;;52;Gut
23.05.1978;;52;Gut
24.05.1978;;52;Gut
25.05.1978;;54;Gut
26.05.1978;;56;Gut
27.05.1978;;56;Gut
28.05.1978;;56;Gut
29.05.1978;;58;Gut
30.05.1978;;60;Gut
31.05.1978;;62;Gut
01.06.1978;;62;Gut
02.06.1978;;62;Gut
03.06.1978;;64;Gut
04.06.1978;;66;Gut
05.06.1978;;64;Gut
06.06.1978;;64;Gut
07.06.1978;;62;Gut
08.06.1978;;62;Gut
09.06.1978;;62;Gut
10.06.1978;;62;Gut
11.06.1978;;62;Gut
12.06.1978;;62;Gut
13.06.1978;;72;Gut
14.06.1978;;72;Gut
15.06.1978;;72;Gut
16.06.1978;;70;Gut
17.06.1978;;68;Gut
18.06.1978;;62;Gut
19.06.1978;;60;Gut
20.06.1978;;60;Gut
21.06.1978;;60;Gut
22.06.1978;;60;Gut
23.06.1978;;60;Gut
24.06.1978;;60;Gut
25.06.1978;;58;Gut
26.06.1978;;56;Gut
27.06.1978;;56;Gut
28.06.1978;;56;Gut
29.06.1978;;56;Gut
30.06.1978;;58;Gut
01.07.1978;;78;Gut
02.07.1978;;78;Gut
03.07.1978;;74;Gut
04.07.1978;;72;Gut
05.07.1978;;62;Gut
06.07.1978;;78;Gut
07.07.1978;;72;Gut
08.07.1978;;60;Gut
09.07.1978;;62;Gut
10.07.1978;;66;Gut
11.07.1978;;64;Gut
12.07.1978;;62;Gut
13.07.1978;;62;Gut
14.07.1978;;60;Gut
15.07.1978;;60;Gut
16.07.1978;;62;Gut
17.07.1978;;60;Gut
18.07.1978;;60;Gut
19.07.1978;;60;Gut
20.07.1978;;58;Gut
21.07.1978;;58;Gut
22.07.1978;;58;Gut
23.07.1978;;58;Gut
24.07.1978;;60;Gut
25.07.1978;;62;Gut
26.07.1978;;62;Gut
27.07.1978;;60;Gut
28.07.1978;;60;Gut
29.07.1978;;60;Gut
30.07.1978;;58;Gut
31.07.1978;;54;Gut
01.08.1978;;54;Gut
02.08.1978;;54;Gut
03.08.1978;;54;Gut
04.08.1978;;54;Gut
05.08.1978;;53;Gut
06.08.1978;;53;Gut
07.08.1978;;53;Gut
08.08.1978;;53;Gut
09.08.1978;;53;Gut
10.08.1978;;53;Gut
11.08.1978;;53;Gut
12.08.1978;;53;Gut
13.08.1978;;52;Gut
14.08.1978;;52;Gut
15.08.1978;;52;Gut
16.08.1978;;52;Gut
17.08.1978;;52;Gut
18.08.1978;;52;Gut
19.08.1978;;52;Gut
20.08.1978;;52;Gut
21.08.1978;;51;Gut
22.08.1978;;51;Gut
23.08.1978;;51;Gut
24.08.1978;;51;Gut
25.08.1978;;51;Gut
26.08.1978;;51;Gut
27.08.1978;;51;Gut
28.08.1978;;51;Gut
29.08.1978;;50;Gut
30.08.1978;;50;Gut
31.08.1978;;50;Gut
01.09.1978;;50;Gut
02.09.1978;;51;Gut
03.09.1978;;51;Gut
04.09.1978;;51;Gut
05.09.1978;;52;Gut
06.09.1978;;52;Gut
07.09.1978;;52;Gut
08.09.1978;;53;Gut
09.09.1978;;53;Gut
10.09.1978;;53;Gut
11.09.1978;;54;Gut
12.09.1978;;54;Gut
13.09.1978;;54;Gut
14.09.1978;;55;Gut
15.09.1978;;55;Gut
16.09.1978;;55;Gut
17.09.1978;;56;Gut
18.09.1978;;56;Gut
19.09.1978;;56;Gut
20.09.1978;;57;Gut
21.09.1978;;57;Gut
22.09.1978;;57;Gut
23.09.1978;;58;Gut
24.09.1978;;58;Gut
25.09.1978;;58;Gut
26.09.1978;;59;Gut
27.09.1978;;59;Gut
28.09.1978;;59;Gut
29.09.1978;;60;Gut
30.09.1978;;60;Gut
01.10.1978;;59;Gut
02.10.1978;;58;Gut
03.10.1978;;57;Gut
04.10.1978;;57;Gut
05.10.1978;;56;Gut
06.10.1978;;55;Gut
07.10.1978;;54;Gut
08.10.1978;;53;Gut
09.10.1978;;52;Gut
10.10.1978;;52;Gut
11.10.1978;;51;Gut
12.10.1978;;50;Gut
13.10.1978;;49;Gut
14.10.1978;;48;Gut
15.10.1978;;47;Gut
16.10.1978;;47;Gut
17.10.1978;;46;Gut
18.10.1978;;45;Gut
19.10.1978;;44;Gut
20.10.1978;;43;Gut
21.10.1978;;43;Gut
22.10.1978;;42;Gut
23.10.1978;;41;Gut
24.10.1978;;40;Gut
25.10.1978;;40;Gut
26.10.1978;;40;Gut
27.10.1978;;38;Gut
28.10.1978;;40;Gut
29.10.1978;;40;Gut
30.10.1978;;39;Gut
31.10.1978;;38;Gut
01.11.1978;;38;Gut
02.11.1978;;36;Gut
03.11.1978;;36;Gut
04.11.1978;;35;Gut
05.11.1978;;35;Gut
06.11.1978;;35;Gut
07.11.1978;;34;Gut
08.11.1978;;34;Gut
09.11.1978;;31;Gut
10.11.1978;;30;Gut
11.11.1978;;30;Gut
12.11.1978;;30;Gut
13.11.1978;;29;Gut
14.11.1978;;29;Gut
15.11.1978;;28;Gut
16.11.1978;;28;Gut
17.11.1978;;28;Gut
18.11.1978;;28;Gut
19.11.1978;;28;Gut
20.11.1978;;28;Gut
21.11.1978;;28;Gut
22.11.1978;;28;Gut
23.11.1978;;28;Gut
24.11.1978;;28;Gut
25.11.1978;;28;Gut
26.11.1978;;28;Gut
27.11.1978;;27;Gut
28.11.1978;;25;Gut
29.11.1978;;25;Gut
30.11.1978;;25;Gut
01.12.1978;;25;Gut
02.12.1978;;25;Gut
03.12.1978;;25;Gut
04.12.1978;;25;Gut
05.12.1978;;25;Gut
06.12.1978;;24;Gut
07.12.1978;;24;Gut
08.12.1978;;24;Gut
09.12.1978;;24;Gut
10.12.1978;;24;Gut
11.12.1978;;24;Gut
12.12.1978;;25;Gut
13.12.1978;;25;Gut
14.12.1978;;29;Gut
15.12.1978;;29;Gut
16.12.1978;;29;Gut
17.12.1978;;29;Gut
18.12.1978;;29;Gut
19.12.1978;;25;Gut
20.12.1978;;25;Gut
21.12.1978;;25;Gut
22.12.1978;;25;Gut
23.12.1978;;25;Gut
24.12.1978;;25;Gut
25.12.1978;;25;Gut
26.12.1978;;28;Gut
27.12.1978;;30;Gut
28.12.1978;;32;Gut
29.12.1978;;38;Gut
30.12.1978;;40;Gut
31.12.1978;;45;Gut
01.01.1979;;40;Gut
02.01.1979;;35;Gut
03.01.1979;;35;Gut
04.01.1979;;35;Gut
05.01.1979;;35;Gut
06.01.1979;;30;Gut
07.01.1979;;30;Gut
08.01.1979;;32;Gut
09.01.1979;;32;Gut
10.01.1979;;35;Gut
11.01.1979;;35;Gut
12.01.1979;;30;Gut
13.01.1979;;30;Gut
14.01.1979;;30;Gut
15.01.1979;;30;Gut
16.01.1979;;25;Gut
17.01.1979;;25;Gut
18.01.1979;;25;Gut
19.01.1979;;25;Gut
20.01.1979;;25;Gut
21.01.1979;;25;Gut
22.01.1979;;25;Gut
23.01.1979;;25;Gut
24.01.1979;;25;Gut
25.01.1979;;23;Gut
26.01.1979;;23;Gut
27.01.1979;;22;Gut
28.01.1979;;20;Gut
29.01.1979;;20;Gut
30.01.1979;;20;Gut
31.01.1979;;20;Gut
01.02.1979;;20;Gut
02.02.1979;;25;Gut
03.02.1979;;25;Gut
04.02.1979;;25;Gut
05.02.1979;;25;Gut
06.02.1979;;25;Gut
07.02.1979;;23;Gut
08.02.1979;;23;Gut
09.02.1979;;23;Gut
10.02.1979;;20;Gut
11.02.1979;;22;Gut
12.02.1979;;23;Gut
13.02.1979;;25;Gut
14.02.1979;;25;Gut
15.02.1979;;25;Gut
16.02.1979;;25;Gut
17.02.1979;;25;Gut
18.02.1979;;30;Gut
19.02.1979;;30;Gut
20.02.1979;;30;Gut
21.02.1979;;29;Gut
22.02.1979;;29;Gut
23.02.1979;;29;Gut
24.02.1979;;29;Gut
25.02.1979;;30;Gut
26.02.1979;;25;Gut
27.02.1979;;25;Gut
28.02.1979;;25;Gut
01.03.1979;;22;Gut
02.03.1979;;23;Gut
03.03.1979;;25;Gut
04.03.1979;;39;Gut
05.03.1979;;53;Gut
06.03.1979;;47;Gut
07.03.1979;;53;Gut
08.03.1979;;51;Gut
09.03.1979;;60;Gut
10.03.1979;;69;Gut
11.03.1979;;55;Gut
12.03.1979;;60;Gut
13.03.1979;;60;Gut
14.03.1979;;55;Gut
15.03.1979;;61;Gut
16.03.1979;;52;Gut
17.03.1979;;55;Gut
18.03.1979;;55;Gut
19.03.1979;;50;Gut
20.03.1979;;52;Gut
21.03.1979;;47;Gut
22.03.1979;;48;Gut
23.03.1979;;55;Gut
24.03.1979;;52;Gut
25.03.1979;;48;Gut
26.03.1979;;49;Gut
27.03.1979;;48;Gut
28.03.1979;;42;Gut
29.03.1979;;43;Gut
30.03.1979;;50;Gut
31.03.1979;;50;Gut
01.04.1979;;45;Gut
02.04.1979;;42;Gut
03.04.1979;;40;Gut
04.04.1979;;39;Gut
05.04.1979;;40;Gut
06.04.1979;;40;Gut
07.04.1979;;40;Gut
08.04.1979;;38;Gut
09.04.1979;;36;Gut
10.04.1979;;35;Gut
11.04.1979;;32;Gut
12.04.1979;;35;Gut
13.04.1979;;35;Gut
14.04.1979;;38;Gut
15.04.1979;;38;Gut
16.04.1979;;30;Gut
17.04.1979;;28;Gut
18.04.1979;;28;Gut
19.04.1979;;34;Gut
20.04.1979;;35;Gut
21.04.1979;;35;Gut
22.04.1979;;30;Gut
23.04.1979;;30;Gut
24.04.1979;;30;Gut
25.04.1979;;30;Gut
26.04.1979;;32;Gut
27.04.1979;;31;Gut
28.04.1979;;30;Gut
29.04.1979;;30;Gut
30.04.1979;;30;Gut
01.05.1979;;30;Gut
02.05.1979;;30;Gut
03.05.1979;;32;Gut
04.05.1979;;32;Gut
05.05.1979;;32;Gut
06.05.1979;;30;Gut
07.05.1979;;30;Gut
08.05.1979;;30;Gut
09.05.1979;;28;Gut
10.05.1979;;28;Gut
11.05.1979;;27;Gut
12.05.1979;;27;Gut
13.05.1979;;25;Gut
14.05.1979;;25;Gut
15.05.1979;;25;Gut
16.05.1979;;25;Gut
17.05.1979;;39;Gut
18.05.1979;;39;Gut
19.05.1979;;40;Gut
20.05.1979;;40;Gut
21.05.1979;;40;Gut
22.05.1979;;55;Gut
23.05.1979;;55;Gut
24.05.1979;;55;Gut
25.05.1979;;55;Gut
26.05.1979;;53;Gut
27.05.1979;;53;Gut
28.05.1979;;56;Gut
29.05.1979;;59;Gut
30.05.1979;;59;Gut
31.05.1979;;60;Gut
01.06.1979;;60;Gut
02.06.1979;;60;Gut
03.06.1979;;59;Gut
04.06.1979;;59;Gut
05.06.1979;;57;Gut
06.06.1979;;57;Gut
07.06.1979;;61;Gut
08.06.1979;;61;Gut
09.06.1979;;68;Gut
10.06.1979;;70;Gut
11.06.1979;;70;Gut
12.06.1979;;70;Gut
13.06.1979;;78;Gut
14.06.1979;;80;Gut
15.06.1979;;82;Gut
16.06.1979;;90;Gut
17.06.1979;;69;Gut
18.06.1979;;60;Gut
19.06.1979;;60;Gut
20.06.1979;;65;Gut
21.06.1979;;65;Gut
22.06.1979;;60;Gut
23.06.1979;;55;Gut
24.06.1979;;55;Gut
25.06.1979;;53;Gut
26.06.1979;;55;Gut
27.06.1979;;88;Gut
28.06.1979;;95;Gut
29.06.1979;;95;Gut
30.06.1979;;95;Gut
01.07.1979;;92;Gut
02.07.1979;;85;Gut
03.07.1979;;80;Gut
04.07.1979;;80;Gut
05.07.1979;;80;Gut
06.07.1979;;80;Gut
07.07.1979;;80;Gut
08.07.1979;;79;Gut
09.07.1979;;79;Gut
10.07.1979;;88;Gut
11.07.1979;;87;Gut
12.07.1979;;85;Gut
13.07.1979;;85;Gut
14.07.1979;;85;Gut
15.07.1979;;80;Gut
16.07.1979;;70;Gut
17.07.1979;;65;Gut
18.07.1979;;60;Gut
19.07.1979;;70;Gut
20.07.1979;;80;Gut
21.07.1979;;77;Gut
22.07.1979;;75;Gut
23.07.1979;;75;Gut
24.07.1979;;70;Gut
25.07.1979;;75;Gut
26.07.1979;;80;Gut
27.07.1979;;80;Gut
28.07.1979;;80;Gut
29.07.1979;;78;Gut
30.07.1979;;80;Gut
31.07.1979;;89;Gut
01.08.1979;;88;Gut
02.08.1979;;88;Gut
03.08.1979;;88;Gut
04.08.1979;;85;Gut
05.08.1979;;85;Gut
06.08.1979;;85;Gut
07.08.1979;;80;Gut
08.08.1979;;82;Gut
09.08.1979;;85;Gut
10.08.1979;;87;Gut
11.08.1979;;69;Gut
12.08.1979;;60;Gut
13.08.1979;;55;Gut
14.08.1979;;50;Gut
15.08.1979;;50;Gut
16.08.1979;;55;Gut
17.08.1979;;55;Gut
18.08.1979;;50;Gut
19.08.1979;;50;Gut
20.08.1979;;50;Gut
21.08.1979;;50;Gut
22.08.1979;;50;Gut
23.08.1979;;50;Gut
24.08.1979;;50;Gut
25.08.1979;;50;Gut
26.08.1979;;50;Gut
27.08.1979;;50;Gut
28.08.1979;;50;Gut
29.08.1979;;50;Gut
30.08.1979;;50;Gut
31.08.1979;;50;Gut
01.09.1979;;50;Gut
02.09.1979;;50;Gut
03.09.1979;;50;Gut
04.09.1979;;50;Gut
05.09.1979;;52;Gut
06.09.1979;;52;Gut
07.09.1979;;52;Gut
08.09.1979;;52;Gut
09.09.1979;;55;Gut
10.09.1979;;55;Gut
11.09.1979;;52;Gut
12.09.1979;;52;Gut
13.09.1979;;50;Gut
14.09.1979;;50;Gut
15.09.1979;;50;Gut
16.09.1979;;50;Gut
17.09.1979;;50;Gut
18.09.1979;;50;Gut
19.09.1979;;50;Gut
20.09.1979;;48;Gut
21.09.1979;;48;Gut
22.09.1979;;45;Gut
23.09.1979;;45;Gut
24.09.1979;;50;Gut
25.09.1979;;50;Gut
26.09.1979;;48;Gut
27.09.1979;;48;Gut
28.09.1979;;48;Gut
29.09.1979;;45;Gut
30.09.1979;;45;Gut
01.10.1979;;45;Gut
02.10.1979;;42;Gut
03.10.1979;;42;Gut
04.10.1979;;45;Gut
05.10.1979;;45;Gut
06.10.1979;;45;Gut
07.10.1979;;40;Gut
08.10.1979;;40;Gut
09.10.1979;;40;Gut
10.10.1979;;40;Gut
11.10.1979;;40;Gut
12.10.1979;;40;Gut
13.10.1979;;40;Gut
14.10.1979;;40;Gut
15.10.1979;;38;Gut
16.10.1979;;38;Gut
17.10.1979;;38;Gut
18.10.1979;;38;Gut
19.10.1979;;38;Gut
20.10.1979;;38;Gut
21.10.1979;;38;Gut
22.10.1979;;38;Gut
23.10.1979;;38;Gut
24.10.1979;;38;Gut
25.10.1979;;38;Gut
26.10.1979;;38;Gut
27.10.1979;;37;Gut
28.10.1979;;37;Gut
29.10.1979;;37;Gut
30.10.1979;;37;Gut
31.10.1979;;37;Gut
01.11.1979;;38;Gut
02.11.1979;;38;Gut
03.11.1979;;38;Gut
04.11.1979;;38;Gut
05.11.1979;;45;Gut
06.11.1979;;50;Gut
07.11.1979;;55;Gut
08.11.1979;;55;Gut
09.11.1979;;55;Gut
10.11.1979;;58;Gut
11.11.1979;;58;Gut
12.11.1979;;58;Gut
13.11.1979;;58;Gut
14.11.1979;;58;Gut
15.11.1979;;58;Gut
16.11.1979;;58;Gut
17.11.1979;;58;Gut
18.11.1979;;60;Gut
19.11.1979;;65;Gut
20.11.1979;;65;Gut
21.11.1979;;65;Gut
22.11.1979;;65;Gut
23.11.1979;;65;Gut
24.11.1979;;55;Gut
25.11.1979;;55;Gut
26.11.1979;;55;Gut
27.11.1979;;53;Gut
28.11.1979;;53;Gut
29.11.1979;;53;Gut
30.11.1979;;50;Gut
01.12.1979;;52;Gut
02.12.1979;;52;Gut
03.12.1979;;50;Gut
04.12.1979;;50;Gut
05.12.1979;;50;Gut
06.12.1979;;55;Gut
07.12.1979;;55;Gut
08.12.1979;;55;Gut
09.12.1979;;55;Gut
10.12.1979;;55;Gut
11.12.1979;;55;Gut
12.12.1979;;45;Gut
13.12.1979;;45;Gut
14.12.1979;;45;Gut
15.12.1979;;45;Gut
16.12.1979;;45;Gut
17.12.1979;;45;Gut
18.12.1979;;45;Gut
19.12.1979;;44;Gut
20.12.1979;;44;Gut
21.12.1979;;44;Gut
22.12.1979;;44;Gut
23.12.1979;;44;Gut
24.12.1979;;38;Gut
25.12.1979;;38;Gut
26.12.1979;;38;Gut
27.12.1979;;38;Gut
28.12.1979;;38;Gut
29.12.1979;;35;Gut
30.12.1979;;35;Gut
31.12.1979;;35;Gut
01.01.1980;;35;Gut
02.01.1980;;35;Gut
03.01.1980;;35;Gut
04.01.1980;;35;Gut
05.01.1980;;35;Gut
06.01.1980;;35;Gut
07.01.1980;;35;Gut
08.01.1980;;35;Gut
09.01.1980;;35;Gut
10.01.1980;;35;Gut
11.01.1980;;35;Gut
12.01.1980;;35;Gut
13.01.1980;;35;Gut
14.01.1980;;30;Gut
15.01.1980;;30;Gut
16.01.1980;;30;Gut
17.01.1980;;30;Gut
18.01.1980;;30;Gut
19.01.1980;;30;Gut
20.01.1980;;30;Gut
21.01.1980;;30;Gut
22.01.1980;;30;Gut
23.01.1980;;30;Gut
24.01.1980;;30;Gut
25.01.1980;;30;Gut
26.01.1980;;30;Gut
27.01.1980;;30;Gut
28.01.1980;;30;Gut
29.01.1980;;30;Gut
30.01.1980;;30;Gut
31.01.1980;;30;Gut
01.02.1980;;38;Gut
02.02.1980;;38;Gut
03.02.1980;;40;Gut
04.02.1980;;40;Gut
05.02.1980;;40;Gut
06.02.1980;;40;Gut
07.02.1980;;50;Gut
08.02.1980;;55;Gut
09.02.1980;;65;Gut
10.02.1980;;70;Gut
11.02.1980;;80;Gut
12.02.1980;;90;Gut
13.02.1980;;90;Gut
14.02.1980;;80;Gut
15.02.1980;;75;Gut
16.02.1980;;70;Gut
17.02.1980;;65;Gut
18.02.1980;;60;Gut
19.02.1980;;58;Gut
20.02.1980;;58;Gut
21.02.1980;;60;Gut
22.02.1980;;60;Gut
23.02.1980;;60;Gut
24.02.1980;;60;Gut
25.02.1980;;60;Gut
26.02.1980;;60;Gut
27.02.1980;;56;Gut
28.02.1980;;56;Gut
29.02.1980;;40;Gut
01.03.1980;;40;Gut
02.03.1980;;40;Gut
03.03.1980;;50;Gut
04.03.1980;;50;Gut
05.03.1980;;50;Gut
06.03.1980;;45;Gut
07.03.1980;;45;Gut
08.03.1980;;43;Gut
09.03.1980;;41;Gut
10.03.1980;;42;Gut
11.03.1980;;42;Gut
12.03.1980;;42;Gut
13.03.1980;;45;Gut
14.03.1980;;50;Gut
15.03.1980;;45;Gut
16.03.1980;;45;Gut
17.03.1980;;45;Gut
18.03.1980;;50;Gut
19.03.1980;;50;Gut
20.03.1980;;45;Gut
21.03.1980;;45;Gut
22.03.1980;;40;Gut
23.03.1980;;40;Gut
24.03.1980;;40;Gut
25.03.1980;;40;Gut
26.03.1980;;40;Gut
27.03.1980;;40;Gut
28.03.1980;;30;Gut
29.03.1980;;30;Gut
30.03.1980;;30;Gut
31.03.1980;;30;Gut
01.04.1980;;30;Gut
02.04.1980;;30;Gut
03.04.1980;;30;Gut
04.04.1980;;30;Gut
05.04.1980;;30;Gut
06.04.1980;;30;Gut
07.04.1980;;30;Gut
08.04.1980;;30;Gut
09.04.1980;;30;Gut
10.04.1980;;30;Gut
11.04.1980;;30;Gut
12.04.1980;;30;Gut
13.04.1980;;30;Gut
14.04.1980;;30;Gut
15.04.1980;;30;Gut
16.04.1980;;30;Gut
17.04.1980;;30;Gut
18.04.1980;;58;Gut
19.04.1980;;58;Gut
20.04.1980;;58;Gut
21.04.1980;;30;Gut
22.04.1980;;30;Gut
23.04.1980;;55;Gut
24.04.1980;;60;Gut
25.04.1980;;62;Gut
26.04.1980;;55;Gut
27.04.1980;;64;Gut
28.04.1980;;61;Gut
29.04.1980;;75;Gut
30.04.1980;;60;Gut
01.05.1980;;55;Gut
02.05.1980;;55;Gut
03.05.1980;;50;Gut
04.05.1980;;50;Gut
05.05.1980;;48;Gut
06.05.1980;;42;Gut
07.05.1980;;42;Gut
08.05.1980;;40;Gut
09.05.1980;;40;Gut
10.05.1980;;40;Gut
11.05.1980;;28;Gut
12.05.1980;;28;Gut
13.05.1980;;45;Gut
14.05.1980;;60;Gut
15.05.1980;;60;Gut
16.05.1980;;50;Gut
17.05.1980;;50;Gut
18.05.1980;;50;Gut
19.05.1980;;50;Gut
20.05.1980;;50;Gut
21.05.1980;;50;Gut
22.05.1980;;50;Gut
23.05.1980;;45;Gut
24.05.1980;;40;Gut
25.05.1980;;42;Gut
26.05.1980;;40;Gut
27.05.1980;;40;Gut
28.05.1980;;40;Gut
29.05.1980;;50;Gut
30.05.1980;;50;Gut
31.05.1980;;57;Gut
01.06.1980;;65;Gut
02.06.1980;;70;Gut
03.06.1980;;40;Gut
04.06.1980;;40;Gut
05.06.1980;;40;Gut
06.06.1980;;35;Gut
07.06.1980;;51;Gut
08.06.1980;;52;Gut
09.06.1980;;60;Gut
10.06.1980;;60;Gut
11.06.1980;;60;Gut
12.06.1980;;60;Gut
13.06.1980;;45;Gut
14.06.1980;;40;Gut
15.06.1980;;40;Gut
16.06.1980;;55;Gut
17.06.1980;;60;Gut
18.06.1980;;72;Gut
19.06.1980;;53;Gut
20.06.1980;;53;Gut
21.06.1980;;50;Gut
22.06.1980;;50;Gut
23.06.1980;;55;Gut
24.06.1980;;55;Gut
25.06.1980;;55;Gut
26.06.1980;;55;Gut
27.06.1980;;55;Gut
28.06.1980;;55;Gut
29.06.1980;;55;Gut
30.06.1980;;60;Gut
01.07.1980;;65;Gut
02.07.1980;;65;Gut
03.07.1980;;65;Gut
04.07.1980;;65;Gut
05.07.1980;;65;Gut
06.07.1980;;65;Gut
07.07.1980;;65;Gut
08.07.1980;;65;Gut
09.07.1980;;65;Gut
10.07.1980;;65;Gut
11.07.1980;;65;Gut
12.07.1980;;65;Gut
13.07.1980;;65;Gut
14.07.1980;;65;Gut
15.07.1980;;75;Gut
16.07.1980;;78;Gut
17.07.1980;;78;Gut
18.07.1980;;75;Gut
19.07.1980;;75;Gut
20.07.1980;;75;Gut
21.07.1980;;80;Gut
22.07.1980;;85;Gut
23.07.1980;;85;Gut
24.07.1980;;83;Gut
25.07.1980;;75;Gut
26.07.1980;;75;Gut
27.07.1980;;75;Gut
28.07.1980;;70;Gut
29.07.1980;;70;Gut
30.07.1980;;70;Gut
31.07.1980;;70;Gut
01.08.1980;;70;Gut
02.08.1980;;70;Gut
03.08.1980;;70;Gut
04.08.1980;;85;Gut
05.08.1980;;80;Gut
06.08.1980;;80;Gut
07.08.1980;;80;Gut
08.08.1980;;76;Gut
09.08.1980;;76;Gut
10.08.1980;;75;Gut
11.08.1980;;75;Gut
12.08.1980;;75;Gut
13.08.1980;;75;Gut
14.08.1980;;75;Gut
15.08.1980;;75;Gut
16.08.1980;;75;Gut
17.08.1980;;75;Gut
18.08.1980;;70;Gut
19.08.1980;;70;Gut
20.08.1980;;75;Gut
21.08.1980;;75;Gut
22.08.1980;;80;Gut
23.08.1980;;80;Gut
24.08.1980;;80;Gut
25.08.1980;;80;Gut
26.08.1980;;75;Gut
27.08.1980;;75;Gut
28.08.1980;;60;Gut
29.08.1980;;60;Gut
30.08.1980;;60;Gut
31.08.1980;;60;Gut
01.09.1980;;60;Gut
02.09.1980;;60;Gut
03.09.1980;;60;Gut
04.09.1980;;60;Gut
05.09.1980;;60;Gut
06.09.1980;;60;Gut
07.09.1980;;60;Gut
08.09.1980;;60;Gut
09.09.1980;;60;Gut
10.09.1980;;60;Gut
11.09.1980;;60;Gut
12.09.1980;;60;Gut
13.09.1980;;60;Gut
14.09.1980;;65;Gut
15.09.1980;;65;Gut
16.09.1980;;65;Gut
17.09.1980;;65;Gut
18.09.1980;;65;Gut
19.09.1980;;65;Gut
20.09.1980;;68;Gut
21.09.1980;;68;Gut
22.09.1980;;68;Gut
23.09.1980;;60;Gut
24.09.1980;;60;Gut
25.09.1980;;60;Gut
26.09.1980;;60;Gut
27.09.1980;;60;Gut
28.09.1980;;60;Gut
29.09.1980;;60;Gut
30.09.1980;;60;Gut
01.10.1980;;60;Gut
02.10.1980;;60;Gut
03.10.1980;;58;Gut
04.10.1980;;58;Gut
05.10.1980;;58;Gut
06.10.1980;;58;Gut
07.10.1980;;58;Gut
08.10.1980;;60;Gut
09.10.1980;;62;Gut
10.10.1980;;62;Gut
11.10.1980;;60;Gut
12.10.1980;;60;Gut
13.10.1980;;68;Gut
14.10.1980;;68;Gut
15.10.1980;;68;Gut
16.10.1980;;68;Gut
17.10.1980;;68;Gut
18.10.1980;;70;Gut
19.10.1980;;70;Gut
20.10.1980;;70;Gut
21.10.1980;;70;Gut
22.10.1980;;65;Gut
23.10.1980;;65;Gut
24.10.1980;;65;Gut
25.10.1980;;65;Gut
26.10.1980;;65;Gut
27.10.1980;;65;Gut
28.10.1980;;60;Gut
29.10.1980;;60;Gut
30.10.1980;;60;Gut
31.10.1980;;60;Gut
01.11.1980;;60;Gut
02.11.1980;;58;Gut
03.11.1980;;58;Gut
04.11.1980;;60;Gut
05.11.1980;;60;Gut
06.11.1980;;60;Gut
07.11.1980;;60;Gut
08.11.1980;;59;Gut
09.11.1980;;59;Gut
10.11.1980;;57;Gut
11.11.1980;;57;Gut
12.11.1980;;57;Gut
13.11.1980;;57;Gut
14.11.1980;;59;Gut
15.11.1980;;59;Gut
16.11.1980;;59;Gut
17.11.1980;;65;Gut
18.11.1980;;65;Gut
19.11.1980;;65;Gut
20.11.1980;;65;Gut
21.11.1980;;60;Gut
22.11.1980;;60;Gut
23.11.1980;;60;Gut
24.11.1980;;60;Gut
25.11.1980;;60;Gut
26.11.1980;;55;Gut
27.11.1980;;55;Gut
28.11.1980;;55;Gut
29.11.1980;;55;Gut
30.11.1980;;55;Gut
01.12.1980;;50;Gut
02.12.1980;;50;Gut
03.12.1980;;50;Gut
04.12.1980;;50;Gut
05.12.1980;;50;Gut
06.12.1980;;50;Gut
07.12.1980;;50;Gut
08.12.1980;;50;Gut
09.12.1980;;50;Gut
10.12.1980;;50;Gut
11.12.1980;;50;Gut
12.12.1980;;50;Gut
13.12.1980;;50;Gut
14.12.1980;;55;Gut
15.12.1980;;55;Gut
16.12.1980;;55;Gut
17.12.1980;;55;Gut
18.12.1980;;55;Gut
19.12.1980;;55;Gut
20.12.1980;;55;Gut
21.12.1980;;52;Gut
22.12.1980;;50;Gut
23.12.1980;;50;Gut
24.12.1980;;65;Gut
25.12.1980;;65;Gut
26.12.1980;;63;Gut
27.12.1980;;62;Gut
28.12.1980;;62;Gut
29.12.1980;;61;Gut
30.12.1980;;60;Gut
31.12.1980;;59;Gut
01.01.1981;;65;Gut
02.01.1981;;68;Gut
03.01.1981;;68;Gut
04.01.1981;;70;Gut
05.01.1981;;70;Gut
06.01.1981;;70;Gut
07.01.1981;;70;Gut
08.01.1981;;63;Gut
09.01.1981;;60;Gut
10.01.1981;;60;Gut
11.01.1981;;63;Gut
12.01.1981;;65;Gut
13.01.1981;;65;Gut
14.01.1981;;65;Gut
15.01.1981;;63;Gut
16.01.1981;;63;Gut
17.01.1981;;60;Gut
18.01.1981;;60;Gut
19.01.1981;;60;Gut
20.01.1981;;60;Gut
21.01.1981;;60;Gut
22.01.1981;;60;Gut
23.01.1981;;60;Gut
24.01.1981;;60;Gut
25.01.1981;;60;Gut
26.01.1981;;60;Gut
27.01.1981;;60;Gut
28.01.1981;;60;Gut
29.01.1981;;60;Gut
30.01.1981;;60;Gut
31.01.1981;;60;Gut
01.02.1981;;60;Gut
02.02.1981;;60;Gut
03.02.1981;;65;Gut
04.02.1981;;65;Gut
05.02.1981;;70;Gut
06.02.1981;;70;Gut
07.02.1981;;70;Gut
08.02.1981;;65;Gut
09.02.1981;;65;Gut
10.02.1981;;60;Gut
11.02.1981;;60;Gut
12.02.1981;;60;Gut
13.02.1981;;60;Gut
14.02.1981;;55;Gut
15.02.1981;;55;Gut
16.02.1981;;55;Gut
17.02.1981;;55;Gut
18.02.1981;;55;Gut
19.02.1981;;55;Gut
20.02.1981;;50;Gut
21.02.1981;;45;Gut
22.02.1981;;45;Gut
23.02.1981;;45;Gut
24.02.1981;;45;Gut
25.02.1981;;45;Gut
26.02.1981;;45;Gut
27.02.1981;;45;Gut
28.02.1981;;45;Gut
01.03.1981;;45;Gut
02.03.1981;;45;Gut
03.03.1981;;45;Gut
04.03.1981;;45;Gut
05.03.1981;;45;Gut
06.03.1981;;48;Gut
07.03.1981;;48;Gut
08.03.1981;;55;Gut
09.03.1981;;55;Gut
10.03.1981;;60;Gut
11.03.1981;;75;Gut
12.03.1981;;80;Gut
13.03.1981;;86;Gut
14.03.1981;;86;Gut
15.03.1981;;86;Gut
16.03.1981;;80;Gut
17.03.1981;;75;Gut
18.03.1981;;75;Gut
19.03.1981;;68;Gut
20.03.1981;;68;Gut
21.03.1981;;60;Gut
22.03.1981;;60;Gut
23.03.1981;;55;Gut
24.03.1981;;55;Gut
25.03.1981;;55;Gut
26.03.1981;;55;Gut
27.03.1981;;55;Gut
28.03.1981;;55;Gut
29.03.1981;;60;Gut
30.03.1981;;60;Gut
31.03.1981;;58;Gut
01.04.1981;;50;Gut
02.04.1981;;50;Gut
03.04.1981;;48;Gut
04.04.1981;;48;Gut
05.04.1981;;48;Gut
06.04.1981;;48;Gut
07.04.1981;;48;Gut
08.04.1981;;48;Gut
09.04.1981;;48;Gut
10.04.1981;;48;Gut
11.04.1981;;45;Gut
12.04.1981;;45;Gut
13.04.1981;;45;Gut
14.04.1981;;45;Gut
15.04.1981;;45;Gut
16.04.1981;;45;Gut
17.04.1981;;45;Gut
18.04.1981;;45;Gut
19.04.1981;;40;Gut
20.04.1981;;40;Gut
21.04.1981;;40;Gut
22.04.1981;;40;Gut
23.04.1981;;40;Gut
24.04.1981;;35;Gut
25.04.1981;;35;Gut
26.04.1981;;35;Gut
27.04.1981;;35;Gut
28.04.1981;;35;Gut
29.04.1981;;35;Gut
30.04.1981;;35;Gut
01.05.1981;;35;Gut
02.05.1981;;35;Gut
03.05.1981;;35;Gut
04.05.1981;;35;Gut
05.05.1981;;35;Gut
06.05.1981;;35;Gut
07.05.1981;;35;Gut
08.05.1981;;35;Gut
09.05.1981;;40;Gut
10.05.1981;;40;Gut
11.05.1981;;40;Gut
12.05.1981;;45;Gut
13.05.1981;;62;Gut
14.05.1981;;64;Gut
15.05.1981;;62;Gut
16.05.1981;;60;Gut
17.05.1981;;54;Gut
18.05.1981;;55;Gut
19.05.1981;;50;Gut
20.05.1981;;45;Gut
21.05.1981;;45;Gut
22.05.1981;;45;Gut
23.05.1981;;50;Gut
24.05.1981;;50;Gut
25.05.1981;;55;Gut
26.05.1981;;60;Gut
27.05.1981;;60;Gut
28.05.1981;;70;Gut
29.05.1981;;70;Gut
30.05.1981;;75;Gut
31.05.1981;;80;Gut
01.06.1981;;75;Gut
02.06.1981;;75;Gut
03.06.1981;;75;Gut
04.06.1981;;75;Gut
05.06.1981;;75;Gut
06.06.1981;;75;Gut
07.06.1981;;75;Gut
08.06.1981;;75;Gut
09.06.1981;;75;Gut
10.06.1981;;95;Gut
11.06.1981;;95;Gut
12.06.1981;;95;Gut
13.06.1981;;95;Gut
14.06.1981;;95;Gut
15.06.1981;;95;Gut
16.06.1981;;95;Gut
17.06.1981;;95;Gut
18.06.1981;;95;Gut
19.06.1981;;95;Gut
20.06.1981;;90;Gut
21.06.1981;;90;Gut
22.06.1981;;90;Gut
23.06.1981;;92;Gut
24.06.1981;;92;Gut
25.06.1981;;95;Gut
26.06.1981;;95;Gut
27.06.1981;;90;Gut
28.06.1981;;90;Gut
29.06.1981;;85;Gut
30.06.1981;;85;Gut
01.07.1981;;85;Gut
02.07.1981;;85;Gut
03.07.1981;;85;Gut
04.07.1981;;85;Gut
05.07.1981;;83;Gut
06.07.1981;;83;Gut
07.07.1981;;80;Gut
08.07.1981;;80;Gut
09.07.1981;;80;Gut
10.07.1981;;80;Gut
11.07.1981;;78;Gut
12.07.1981;;78;Gut
13.07.1981;;76;Gut
14.07.1981;;76;Gut
15.07.1981;;76;Gut
16.07.1981;;76;Gut
17.07.1981;;76;Gut
18.07.1981;;76;Gut
19.07.1981;;75;Gut
20.07.1981;;75;Gut
21.07.1981;;75;Gut
22.07.1981;;75;Gut
23.07.1981;;75;Gut
24.07.1981;;75;Gut
25.07.1981;;75;Gut
26.07.1981;;75;Gut
27.07.1981;;80;Gut
28.07.1981;;100;Gut
29.07.1981;;85;Gut
30.07.1981;;65;Gut
31.07.1981;;60;Gut
01.08.1981;;55;Gut
02.08.1981;;55;Gut
03.08.1981;;55;Gut
04.08.1981;;55;Gut
05.08.1981;;50;Gut
06.08.1981;;50;Gut
07.08.1981;;70;Gut
08.08.1981;;70;Gut
09.08.1981;;75;Gut
10.08.1981;;70;Gut
11.08.1981;;50;Gut
12.08.1981;;50;Gut
13.08.1981;;45;Gut
14.08.1981;;45;Gut
15.08.1981;;45;Gut
16.08.1981;;45;Gut
17.08.1981;;40;Gut
18.08.1981;;40;Gut
19.08.1981;;40;Gut
20.08.1981;;45;Gut
21.08.1981;;45;Gut
22.08.1981;;45;Gut
23.08.1981;;45;Gut
24.08.1981;;40;Gut
25.08.1981;;45;Gut
26.08.1981;;50;Gut
27.08.1981;;50;Gut
28.08.1981;;50;Gut
29.08.1981;;50;Gut
30.08.1981;;50;Gut
31.08.1981;;45;Gut
01.09.1981;;50;Gut
02.09.1981;;53;Gut
03.09.1981;;55;Gut
04.09.1981;;59;Gut
05.09.1981;;67;Gut
06.09.1981;;67;Gut
07.09.1981;;67;Gut
08.09.1981;;67;Gut
09.09.1981;;68;Gut
10.09.1981;;70;Gut
11.09.1981;;70;Gut
12.09.1981;;70;Gut
13.09.1981;;70;Gut
14.09.1981;;70;Gut
15.09.1981;;70;Gut
16.09.1981;;70;Gut
17.09.1981;;70;Gut
18.09.1981;;70;Gut
19.09.1981;;70;Gut
20.09.1981;;70;Gut
21.09.1981;;70;Gut
22.09.1981;;70;Gut
23.09.1981;;70;Gut
24.09.1981;;75;Gut
25.09.1981;;75;Gut
26.09.1981;;75;Gut
27.09.1981;;75;Gut
28.09.1981;;75;Gut
29.09.1981;;85;Gut
30.09.1981;;88;Gut
01.10.1981;;85;Gut
02.10.1981;;85;Gut
03.10.1981;;55;Gut
04.10.1981;;55;Gut
05.10.1981;;55;Gut
06.10.1981;;55;Gut
07.10.1981;;50;Gut
08.10.1981;;50;Gut
09.10.1981;;50;Gut
10.10.1981;;50;Gut
11.10.1981;;50;Gut
12.10.1981;;50;Gut
13.10.1981;;50;Gut
14.10.1981;;50;Gut
15.10.1981;;50;Gut
16.10.1981;;50;Gut
17.10.1981;;50;Gut
18.10.1981;;50;Gut
19.10.1981;;50;Gut
20.10.1981;;55;Gut
21.10.1981;;55;Gut
22.10.1981;;55;Gut
23.10.1981;;55;Gut
24.10.1981;;55;Gut
25.10.1981;;55;Gut
26.10.1981;;55;Gut
27.10.1981;;45;Gut
28.10.1981;;45;Gut
29.10.1981;;45;Gut
30.10.1981;;55;Gut
31.10.1981;;55;Gut
01.11.1981;;50;Gut
02.11.1981;;50;Gut
03.11.1981;;50;Gut
04.11.1981;;50;Gut
05.11.1981;;50;Gut
06.11.1981;;50;Gut
07.11.1981;;50;Gut
08.11.1981;;45;Gut
09.11.1981;;45;Gut
10.11.1981;;45;Gut
11.11.1981;;50;Gut
12.11.1981;;50;Gut
13.11.1981;;50;Gut
14.11.1981;;48;Gut
15.11.1981;;48;Gut
16.11.1981;;50;Gut
17.11.1981;;50;Gut
18.11.1981;;50;Gut
19.11.1981;;50;Gut
20.11.1981;;50;Gut
21.11.1981;;55;Gut
22.11.1981;;55;Gut
23.11.1981;;65;Gut
24.11.1981;;65;Gut
25.11.1981;;60;Gut
26.11.1981;;60;Gut
27.11.1981;;60;Gut
28.11.1981;;60;Gut
29.11.1981;;70;Gut
30.11.1981;;70;Gut
01.12.1981;;60;Gut
02.12.1981;;60;Gut
03.12.1981;;75;Gut
04.12.1981;;85;Gut
05.12.1981;;85;Gut
06.12.1981;;83;Gut
07.12.1981;;83;Gut
08.12.1981;;80;Gut
09.12.1981;;80;Gut
10.12.1981;;80;Gut
11.12.1981;;80;Gut
12.12.1981;;75;Gut
13.12.1981;;70;Gut
14.12.1981;;70;Gut
15.12.1981;;70;Gut
16.12.1981;;70;Gut
17.12.1981;;60;Gut
18.12.1981;;55;Gut
19.12.1981;;55;Gut
20.12.1981;;55;Gut
21.12.1981;;55;Gut
22.12.1981;;55;Gut
23.12.1981;;55;Gut
24.12.1981;;55;Gut
25.12.1981;;55;Gut
26.12.1981;;55;Gut
27.12.1981;;55;Gut
28.12.1981;;55;Gut
29.12.1981;;55;Gut
30.12.1981;;58;Gut
31.12.1981;;58;Gut
01.01.1982;;75;Gut
02.01.1982;;75;Gut
03.01.1982;;80;Gut
04.01.1982;;90;Gut
05.01.1982;;95;Gut
06.01.1982;;85;Gut
07.01.1982;;85;Gut
08.01.1982;;85;Gut
09.01.1982;;85;Gut
10.01.1982;;65;Gut
11.01.1982;;65;Gut
12.01.1982;;65;Gut
13.01.1982;;60;Gut
14.01.1982;;60;Gut
15.01.1982;;50;Gut
16.01.1982;;50;Gut
17.01.1982;;50;Gut
18.01.1982;;50;Gut
19.01.1982;;50;Gut
20.01.1982;;45;Gut
21.01.1982;;45;Gut
22.01.1982;;45;Gut
23.01.1982;;45;Gut
24.01.1982;;45;Gut
25.01.1982;;45;Gut
26.01.1982;;50;Gut
27.01.1982;;50;Gut
28.01.1982;;50;Gut
29.01.1982;;50;Gut
30.01.1982;;50;Gut
31.01.1982;;55;Gut
01.02.1982;;60;Gut
02.02.1982;;52;Gut
03.02.1982;;55;Gut
04.02.1982;;55;Gut
05.02.1982;;50;Gut
06.02.1982;;50;Gut
07.02.1982;;45;Gut
08.02.1982;;45;Gut
09.02.1982;;55;Gut
10.02.1982;;50;Gut
11.02.1982;;50;Gut
12.02.1982;;50;Gut
13.02.1982;;50;Gut
14.02.1982;;50;Gut
15.02.1982;;50;Gut
16.02.1982;;50;Gut
17.02.1982;;50;Gut
18.02.1982;;50;Gut
19.02.1982;;45;Gut
20.02.1982;;45;Gut
21.02.1982;;45;Gut
22.02.1982;;40;Gut
23.02.1982;;40;Gut
24.02.1982;;40;Gut
25.02.1982;;38;Gut
26.02.1982;;38;Gut
27.02.1982;;38;Gut
28.02.1982;;38;Gut
01.03.1982;;40;Gut
02.03.1982;;40;Gut
03.03.1982;;50;Gut
04.03.1982;;60;Gut
05.03.1982;;63;Gut
06.03.1982;;60;Gut
07.03.1982;;60;Gut
08.03.1982;;60;Gut
09.03.1982;;55;Gut
10.03.1982;;55;Gut
11.03.1982;;50;Gut
12.03.1982;;50;Gut
13.03.1982;;45;Gut
14.03.1982;;45;Gut
15.03.1982;;55;Gut
16.03.1982;;60;Gut
17.03.1982;;50;Gut
18.03.1982;;50;Gut
19.03.1982;;50;Gut
20.03.1982;;50;Gut
21.03.1982;;55;Gut
22.03.1982;;55;Gut
23.03.1982;;55;Gut
24.03.1982;;55;Gut
25.03.1982;;55;Gut
26.03.1982;;50;Gut
27.03.1982;;50;Gut
28.03.1982;;50;Gut
29.03.1982;;50;Gut
30.03.1982;;50;Gut
31.03.1982;;50;Gut
01.04.1982;;50;Gut
02.04.1982;;40;Gut
03.04.1982;;40;Gut
04.04.1982;;40;Gut
05.04.1982;;40;Gut
06.04.1982;;40;Gut
07.04.1982;;50;Gut
08.04.1982;;50;Gut
09.04.1982;;45;Gut
10.04.1982;;45;Gut
11.04.1982;;45;Gut
12.04.1982;;50;Gut
13.04.1982;;50;Gut
14.04.1982;;50;Gut
15.04.1982;;45;Gut
16.04.1982;;42;Gut
17.04.1982;;42;Gut
18.04.1982;;42;Gut
19.04.1982;;40;Gut
20.04.1982;;40;Gut
21.04.1982;;40;Gut
22.04.1982;;45;Gut
23.04.1982;;40;Gut
24.04.1982;;35;Gut
25.04.1982;;35;Gut
26.04.1982;;30;Gut
27.04.1982;;30;Gut
28.04.1982;;45;Gut
29.04.1982;;40;Gut
30.04.1982;;36;Gut
01.05.1982;;38;Gut
02.05.1982;;35;Gut
03.05.1982;;35;Gut
04.05.1982;;30;Gut
05.05.1982;;30;Gut
06.05.1982;;30;Gut
07.05.1982;;30;Gut
08.05.1982;;30;Gut
09.05.1982;;50;Gut
10.05.1982;;50;Gut
11.05.1982;;45;Gut
12.05.1982;;40;Gut
13.05.1982;;35;Gut
14.05.1982;;35;Gut
15.05.1982;;30;Gut
16.05.1982;;30;Gut
17.05.1982;;30;Gut
18.05.1982;;30;Gut
19.05.1982;;30;Gut
20.05.1982;;50;Gut
21.05.1982;;50;Gut
22.05.1982;;45;Gut
23.05.1982;;40;Gut
24.05.1982;;40;Gut
25.05.1982;;38;Gut
26.05.1982;;38;Gut
27.05.1982;;38;Gut
28.05.1982;;38;Gut
29.05.1982;;35;Gut
30.05.1982;;35;Gut
31.05.1982;;35;Gut
01.06.1982;;35;Gut
02.06.1982;;30;Gut
03.06.1982;;30;Gut
04.06.1982;;45;Gut
05.06.1982;;40;Gut
06.06.1982;;40;Gut
07.06.1982;;35;Gut
08.06.1982;;35;Gut
09.06.1982;;30;Gut
10.06.1982;;30;Gut
11.06.1982;;30;Gut
12.06.1982;;30;Gut
13.06.1982;;35;Gut
14.06.1982;;35;Gut
15.06.1982;;40;Gut
16.06.1982;;40;Gut
17.06.1982;;45;Gut
18.06.1982;;45;Gut
19.06.1982;;48;Gut
20.06.1982;;48;Gut
21.06.1982;;50;Gut
22.06.1982;;50;Gut
23.06.1982;;50;Gut
24.06.1982;;50;Gut
25.06.1982;;50;Gut
26.06.1982;;50;Gut
27.06.1982;;50;Gut
28.06.1982;;52;Gut
29.06.1982;;52;Gut
30.06.1982;;55;Gut
01.07.1982;;60;Gut
02.07.1982;;65;Gut
03.07.1982;;68;Gut
04.07.1982;;70;Gut
05.07.1982;;70;Gut
06.07.1982;;70;Gut
07.07.1982;;70;Gut
08.07.1982;;70;Gut
09.07.1982;;68;Gut
10.07.1982;;65;Gut
11.07.1982;;60;Gut
12.07.1982;;60;Gut
13.07.1982;;60;Gut
14.07.1982;;60;Gut
15.07.1982;;60;Gut
16.07.1982;;60;Gut
17.07.1982;;60;Gut
18.07.1982;;60;Gut
19.07.1982;;60;Gut
20.07.1982;;55;Gut
21.07.1982;;55;Gut
22.07.1982;;55;Gut
23.07.1982;;55;Gut
24.07.1982;;55;Gut
25.07.1982;;90;Gut
26.07.1982;;90;Gut
27.07.1982;;85;Gut
28.07.1982;;85;Gut
29.07.1982;;70;Gut
30.07.1982;;70;Gut
31.07.1982;;70;Gut
01.08.1982;;70;Gut
02.08.1982;;70;Gut
03.08.1982;;70;Gut
04.08.1982;;55;Gut
05.08.1982;;55;Gut
06.08.1982;;55;Gut
07.08.1982;;55;Gut
08.08.1982;;55;Gut
09.08.1982;;55;Gut
10.08.1982;;55;Gut
11.08.1982;;55;Gut
12.08.1982;;55;Gut
13.08.1982;;55;Gut
14.08.1982;;55;Gut
15.08.1982;;55;Gut
16.08.1982;;55;Gut
17.08.1982;;55;Gut
18.08.1982;;55;Gut
19.08.1982;;55;Gut
20.08.1982;;55;Gut
21.08.1982;;55;Gut
22.08.1982;;45;Gut
23.08.1982;;45;Gut
24.08.1982;;45;Gut
25.08.1982;;45;Gut
26.08.1982;;50;Gut
27.08.1982;;50;Gut
28.08.1982;;50;Gut
29.08.1982;;50;Gut
30.08.1982;;50;Gut
31.08.1982;;50;Gut
01.09.1982;;50;Gut
02.09.1982;;50;Gut
03.09.1982;;50;Gut
04.09.1982;;50;Gut
05.09.1982;;50;Gut
06.09.1982;;45;Gut
07.09.1982;;42;Gut
08.09.1982;;42;Gut
09.09.1982;;42;Gut
10.09.1982;;42;Gut
11.09.1982;;42;Gut
12.09.1982;;50;Gut
13.09.1982;;50;Gut
14.09.1982;;50;Gut
15.09.1982;;50;Gut
16.09.1982;;48;Gut
17.09.1982;;48;Gut
18.09.1982;;48;Gut
19.09.1982;;48;Gut
20.09.1982;;48;Gut
21.09.1982;;48;Gut
22.09.1982;;45;Gut
23.09.1982;;45;Gut
24.09.1982;;45;Gut
25.09.1982;;45;Gut
26.09.1982;;45;Gut
27.09.1982;;45;Gut
28.09.1982;;45;Gut
29.09.1982;;45;Gut
30.09.1982;;45;Gut
01.10.1982;;45;Gut
02.10.1982;;45;Gut
03.10.1982;;50;Gut
04.10.1982;;50;Gut
05.10.1982;;50;Gut
06.10.1982;;50;Gut
07.10.1982;;50;Gut
08.10.1982;;50;Gut
09.10.1982;;50;Gut
10.10.1982;;50;Gut
11.10.1982;;55;Gut
12.10.1982;;55;Gut
13.10.1982;;55;Gut
14.10.1982;;55;Gut
15.10.1982;;55;Gut
16.10.1982;;55;Gut
17.10.1982;;55;Gut
18.10.1982;;55;Gut
19.10.1982;;60;Gut
20.10.1982;;60;Gut
21.10.1982;;60;Gut
22.10.1982;;70;Gut
23.10.1982;;60;Gut
24.10.1982;;65;Gut
25.10.1982;;65;Gut
26.10.1982;;55;Gut
27.10.1982;;55;Gut
28.10.1982;;50;Gut
29.10.1982;;50;Gut
30.10.1982;;55;Gut
31.10.1982;;55;Gut
01.11.1982;;55;Gut
02.11.1982;;55;Gut
03.11.1982;;55;Gut
04.11.1982;;60;Gut
05.11.1982;;85;Gut
06.11.1982;;85;Gut
07.11.1982;;70;Gut
08.11.1982;;70;Gut
09.11.1982;;70;Gut
10.11.1982;;70;Gut
11.11.1982;;70;Gut
12.11.1982;;70;Gut
13.11.1982;;70;Gut
14.11.1982;;70;Gut
15.11.1982;;70;Gut
16.11.1982;;70;Gut
17.11.1982;;70;Gut
18.11.1982;;80;Gut
19.11.1982;;80;Gut
20.11.1982;;80;Gut
21.11.1982;;80;Gut
22.11.1982;;80;Gut
23.11.1982;;80;Gut
24.11.1982;;80;Gut
25.11.1982;;80;Gut
26.11.1982;;80;Gut
27.11.1982;;78;Gut
28.11.1982;;78;Gut
29.11.1982;;78;Gut
30.11.1982;;78;Gut
01.12.1982;;78;Gut
02.12.1982;;78;Gut
03.12.1982;;78;Gut
04.12.1982;;78;Gut
05.12.1982;;75;Gut
06.12.1982;;75;Gut
07.12.1982;;75;Gut
08.12.1982;;75;Gut
09.12.1982;;75;Gut
10.12.1982;;75;Gut
11.12.1982;;75;Gut
12.12.1982;;75;Gut
13.12.1982;;75;Gut
14.12.1982;;75;Gut
15.12.1982;;75;Gut
16.12.1982;;75;Gut
17.12.1982;;75;Gut
18.12.1982;;75;Gut
19.12.1982;;75;Gut
20.12.1982;;75;Gut
21.12.1982;;75;Gut
22.12.1982;;75;Gut
23.12.1982;;75;Gut
24.12.1982;;75;Gut
25.12.1982;;75;Gut
26.12.1982;;75;Gut
27.12.1982;;75;Gut
28.12.1982;;75;Gut
29.12.1982;;75;Gut
30.12.1982;;75;Gut
31.12.1982;;75;Gut
01.01.1983;;75;Gut
02.01.1983;;75;Gut
03.01.1983;;75;Gut
04.01.1983;;75;Gut
05.01.1983;;86;Gut
06.01.1983;;86;Gut
07.01.1983;;90;Gut
08.01.1983;;89;Gut
09.01.1983;;87;Gut
10.01.1983;;86;Gut
11.01.1983;;86;Gut
12.01.1983;;83;Gut
13.01.1983;;81;Gut
14.01.1983;;80;Gut
15.01.1983;;80;Gut
16.01.1983;;80;Gut
17.01.1983;;80;Gut
18.01.1983;;50;Gut
19.01.1983;;40;Gut
20.01.1983;;35;Gut
21.01.1983;;35;Gut
22.01.1983;;35;Gut
23.01.1983;;40;Gut
24.01.1983;;40;Gut
25.01.1983;;40;Gut
26.01.1983;;40;Gut
27.01.1983;;40;Gut
28.01.1983;;40;Gut
29.01.1983;;40;Gut
30.01.1983;;40;Gut
31.01.1983;;50;Gut
01.02.1983;;50;Gut
02.02.1983;;50;Gut
03.02.1983;;50;Gut
04.02.1983;;40;Gut
05.02.1983;;40;Gut
06.02.1983;;40;Gut
07.02.1983;;40;Gut
08.02.1983;;40;Gut
09.02.1983;;40;Gut
10.02.1983;;40;Gut
11.02.1983;;40;Gut
12.02.1983;;40;Gut
13.02.1983;;40;Gut
14.02.1983;;40;Gut
15.02.1983;;40;Gut
16.02.1983;;40;Gut
17.02.1983;;40;Gut
18.02.1983;;40;Gut
19.02.1983;;40;Gut
20.02.1983;;40;Gut
21.02.1983;;40;Gut
22.02.1983;;40;Gut
23.02.1983;;40;Gut
24.02.1983;;40;Gut
25.02.1983;;40;Gut
26.02.1983;;40;Gut
27.02.1983;;40;Gut
28.02.1983;;40;Gut
01.03.1983;;40;Gut
02.03.1983;;40;Gut
03.03.1983;;40;Gut
04.03.1983;;35;Gut
05.03.1983;;35;Gut
06.03.1983;;40;Gut
07.03.1983;;40;Gut
08.03.1983;;40;Gut
09.03.1983;;40;Gut
10.03.1983;;40;Gut
11.03.1983;;40;Gut
12.03.1983;;40;Gut
13.03.1983;;35;Gut
14.03.1983;;35;Gut
15.03.1983;;35;Gut
16.03.1983;;35;Gut
17.03.1983;;35;Gut
18.03.1983;;35;Gut
19.03.1983;;35;Gut
20.03.1983;;35;Gut
21.03.1983;;35;Gut
22.03.1983;;35;Gut
23.03.1983;;35;Gut
24.03.1983;;35;Gut
25.03.1983;;35;Gut
26.03.1983;;35;Gut
27.03.1983;;35;Gut
28.03.1983;;35;Gut
29.03.1983;;35;Gut
30.03.1983;;35;Gut
31.03.1983;;35;Gut
01.04.1983;;35;Gut
02.04.1983;;35;Gut
03.04.1983;;38;Gut
04.04.1983;;38;Gut
05.04.1983;;38;Gut
06.04.1983;;38;Gut
07.04.1983;;38;Gut
08.04.1983;;38;Gut
09.04.1983;;38;Gut
10.04.1983;;38;Gut
11.04.1983;;38;Gut
12.04.1983;;50;Gut
13.04.1983;;50;Gut
14.04.1983;;50;Gut
15.04.1983;;45;Gut
16.04.1983;;40;Gut
17.04.1983;;40;Gut
18.04.1983;;40;Gut
19.04.1983;;40;Gut
20.04.1983;;40;Gut
21.04.1983;;40;Gut
22.04.1983;;50;Gut
23.04.1983;;50;Gut
24.04.1983;;50;Gut
25.04.1983;;50;Gut
26.04.1983;;50;Gut
27.04.1983;;50;Gut
28.04.1983;;50;Gut
29.04.1983;;50;Gut
30.04.1983;;50;Gut
01.05.1983;;50;Gut
02.05.1983;;53;Gut
03.05.1983;;52;Gut
04.05.1983;;51;Gut
05.05.1983;;50;Gut
06.05.1983;;49;Gut
07.05.1983;;48;Gut
08.05.1983;;49;Gut
09.05.1983;;49;Gut
10.05.1983;;49;Gut
11.05.1983;;48;Gut
12.05.1983;;48;Gut
13.05.1983;;48;Gut
14.05.1983;;48;Gut
15.05.1983;;48;Gut
16.05.1983;;55;Gut
17.05.1983;;55;Gut
18.05.1983;;55;Gut
19.05.1983;;50;Gut
20.05.1983;;50;Gut
21.05.1983;;50;Gut
22.05.1983;;48;Gut
23.05.1983;;48;Gut
24.05.1983;;48;Gut
25.05.1983;;55;Gut
26.05.1983;;55;Gut
27.05.1983;;53;Gut
28.05.1983;;53;Gut
29.05.1983;;50;Gut
30.05.1983;;50;Gut
31.05.1983;;50;Gut
01.06.1983;;50;Gut
02.06.1983;;50;Gut
03.06.1983;;48;Gut
04.06.1983;;48;Gut
05.06.1983;;48;Gut
06.06.1983;;48;Gut
07.06.1983;;48;Gut
08.06.1983;;48;Gut
09.06.1983;;48;Gut
10.06.1983;;48;Gut
11.06.1983;;48;Gut
12.06.1983;;48;Gut
13.06.1983;;48;Gut
14.06.1983;;70;Gut
15.06.1983;;70;Gut
16.06.1983;;70;Gut
17.06.1983;;70;Gut
18.06.1983;;70;Gut
19.06.1983;;70;Gut
20.06.1983;;70;Gut
21.06.1983;;65;Gut
22.06.1983;;65;Gut
23.06.1983;;65;Gut
24.06.1983;;75;Gut
25.06.1983;;75;Gut
26.06.1983;;75;Gut
27.06.1983;;70;Gut
28.06.1983;;70;Gut
29.06.1983;;70;Gut
30.06.1983;;70;Gut
01.07.1983;;70;Gut
02.07.1983;;65;Gut
03.07.1983;;65;Gut
04.07.1983;;65;Gut
05.07.1983;;60;Gut
06.07.1983;;60;Gut
07.07.1983;;55;Gut
08.07.1983;;55;Gut
09.07.1983;;55;Gut
10.07.1983;;53;Gut
11.07.1983;;53;Gut
12.07.1983;;53;Gut
13.07.1983;;55;Gut
14.07.1983;;55;Gut
15.07.1983;;57;Gut
16.07.1983;;57;Gut
17.07.1983;;63;Gut
18.07.1983;;63;Gut
19.07.1983;;70;Gut
20.07.1983;;60;Gut
21.07.1983;;60;Gut
22.07.1983;;60;Gut
23.07.1983;;60;Gut
24.07.1983;;60;Gut
25.07.1983;;60;Gut
26.07.1983;;60;Gut
27.07.1983;;60;Gut
28.07.1983;;60;Gut
29.07.1983;;60;Gut
30.07.1983;;60;Gut
31.07.1983;;60;Gut
01.08.1983;;60;Gut
02.08.1983;;60;Gut
03.08.1983;;60;Gut
04.08.1983;;60;Gut
05.08.1983;;70;Gut
06.08.1983;;85;Gut
07.08.1983;;85;Gut
08.08.1983;;90;Gut
09.08.1983;;85;Gut
10.08.1983;;85;Gut
11.08.1983;;85;Gut
12.08.1983;;80;Gut
13.08.1983;;85;Gut
14.08.1983;;85;Gut
15.08.1983;;80;Gut
16.08.1983;;80;Gut
17.08.1983;;80;Gut
18.08.1983;;80;Gut
19.08.1983;;80;Gut
20.08.1983;;78;Gut
21.08.1983;;70;Gut
22.08.1983;;70;Gut
23.08.1983;;70;Gut
24.08.1983;;68;Gut
25.08.1983;;68;Gut
26.08.1983;;68;Gut
27.08.1983;;68;Gut
28.08.1983;;68;Gut
29.08.1983;;68;Gut
30.08.1983;;68;Gut
31.08.1983;;68;Gut
01.09.1983;;68;Gut
02.09.1983;;68;Gut
03.09.1983;;70;Gut
04.09.1983;;70;Gut
05.09.1983;;70;Gut
06.09.1983;;72;Gut
07.09.1983;;72;Gut
08.09.1983;;72;Gut
09.09.1983;;58;Gut
10.09.1983;;58;Gut
11.09.1983;;58;Gut
12.09.1983;;58;Gut
13.09.1983;;58;Gut
14.09.1983;;60;Gut
15.09.1983;;65;Gut
16.09.1983;;65;Gut
17.09.1983;;65;Gut
18.09.1983;;70;Gut
19.09.1983;;70;Gut
20.09.1983;;70;Gut
21.09.1983;;68;Gut
22.09.1983;;68;Gut
23.09.1983;;68;Gut
24.09.1983;;68;Gut
25.09.1983;;68;Gut
26.09.1983;;68;Gut
27.09.1983;;70;Gut
28.09.1983;;70;Gut
29.09.1983;;72;Gut
30.09.1983;;72;Gut
01.10.1983;;72;Gut
02.10.1983;;72;Gut
03.10.1983;;72;Gut
04.10.1983;;75;Gut
05.10.1983;;75;Gut
06.10.1983;;75;Gut
07.10.1983;;75;Gut
08.10.1983;;75;Gut
09.10.1983;;75;Gut
10.10.1983;;75;Gut
11.10.1983;;75;Gut
12.10.1983;;85;Gut
13.10.1983;;85;Gut
14.10.1983;;85;Gut
15.10.1983;;85;Gut
16.10.1983;;85;Gut
17.10.1983;;85;Gut
18.10.1983;;85;Gut
19.10.1983;;80;Gut
20.10.1983;;80;Gut
21.10.1983;;80;Gut
22.10.1983;;80;Gut
23.10.1983;;80;Gut
24.10.1983;;75;Gut
25.10.1983;;75;Gut
26.10.1983;;75;Gut
27.10.1983;;75;Gut
28.10.1983;;75;Gut
29.10.1983;;73;Gut
30.10.1983;;73;Gut
31.10.1983;;73;Gut
01.11.1983;;72;Gut
02.11.1983;;72;Gut
03.11.1983;;65;Gut
04.11.1983;;65;Gut
05.11.1983;;65;Gut
06.11.1983;;65;Gut
07.11.1983;;60;Gut
08.11.1983;;60;Gut
09.11.1983;;60;Gut
10.11.1983;;60;Gut
11.11.1983;;60;Gut
12.11.1983;;67;Gut
13.11.1983;;67;Gut
14.11.1983;;67;Gut
15.11.1983;;67;Gut
16.11.1983;;70;Gut
17.11.1983;;70;Gut
18.11.1983;;70;Gut
19.11.1983;;70;Gut
20.11.1983;;80;Gut
21.11.1983;;80;Gut
22.11.1983;;80;Gut
23.11.1983;;80;Gut
24.11.1983;;80;Gut
25.11.1983;;80;Gut
26.11.1983;;90;Gut
27.11.1983;;90;Gut
28.11.1983;;90;Gut
29.11.1983;;90;Gut
30.11.1983;;100;Gut
01.12.1983;;90;Gut
02.12.1983;;85;Gut
03.12.1983;;85;Gut
04.12.1983;;105;Gut
05.12.1983;;90;Gut
06.12.1983;;90;Gut
07.12.1983;;90;Gut
08.12.1983;;90;Gut
09.12.1983;;90;Gut
10.12.1983;;100;Gut
11.12.1983;;98;Gut
12.12.1983;;100;Gut
13.12.1983;;105;Gut
14.12.1983;;95;Gut
15.12.1983;;95;Gut
16.12.1983;;95;Gut
17.12.1983;;95;Gut
18.12.1983;;95;Gut
19.12.1983;;95;Gut
20.12.1983;;95;Gut
21.12.1983;;95;Gut
22.12.1983;;105;Gut
23.12.1983;;105;Gut
24.12.1983;;105;Gut
25.12.1983;;110;Gut
26.12.1983;;110;Gut
27.12.1983;;115;Gut
28.12.1983;;115;Gut
29.12.1983;;95;Gut
30.12.1983;;95;Gut
31.12.1983;;80;Gut
01.01.1984;;65;Gut
02.01.1984;;65;Gut
03.01.1984;;70;Gut
04.01.1984;;70;Gut
05.01.1984;;70;Gut
06.01.1984;;70;Gut
07.01.1984;;68;Gut
08.01.1984;;65;Gut
09.01.1984;;62;Gut
10.01.1984;;62;Gut
11.01.1984;;60;Gut
12.01.1984;;60;Gut
13.01.1984;;60;Gut
14.01.1984;;62;Gut
15.01.1984;;62;Gut
16.01.1984;;64;Gut
17.01.1984;;65;Gut
18.01.1984;;65;Gut
19.01.1984;;65;Gut
20.01.1984;;67;Gut
21.01.1984;;67;Gut
22.01.1984;;67;Gut
23.01.1984;;68;Gut
24.01.1984;;68;Gut
25.01.1984;;70;Gut
26.01.1984;;70;Gut
27.01.1984;;68;Gut
28.01.1984;;67;Gut
29.01.1984;;60;Gut
30.01.1984;;60;Gut
31.01.1984;;60;Gut
01.02.1984;;60;Gut
02.02.1984;;60;Gut
03.02.1984;;60;Gut
04.02.1984;;100;Gut
05.02.1984;;70;Gut
06.02.1984;;65;Gut
07.02.1984;;65;Gut
08.02.1984;;70;Gut
09.02.1984;;75;Gut
10.02.1984;;75;Gut
11.02.1984;;70;Gut
12.02.1984;;70;Gut
13.02.1984;;70;Gut
14.02.1984;;70;Gut
15.02.1984;;70;Gut
16.02.1984;;65;Gut
17.02.1984;;65;Gut
18.02.1984;;65;Gut
19.02.1984;;65;Gut
20.02.1984;;60;Gut
21.02.1984;;60;Gut
22.02.1984;;60;Gut
23.02.1984;;58;Gut
24.02.1984;;55;Gut
25.02.1984;;50;Gut
26.02.1984;;50;Gut
27.02.1984;;50;Gut
28.02.1984;;50;Gut
29.02.1984;;50;Gut
01.03.1984;;50;Gut
02.03.1984;;50;Gut
03.03.1984;;50;Gut
04.03.1984;;50;Gut
05.03.1984;;52;Gut
06.03.1984;;53;Gut
07.03.1984;;50;Gut
08.03.1984;;50;Gut
09.03.1984;;50;Gut
10.03.1984;;50;Gut
11.03.1984;;52;Gut
12.03.1984;;52;Gut
13.03.1984;;52;Gut
14.03.1984;;50;Gut
15.03.1984;;50;Gut
16.03.1984;;50;Gut
17.03.1984;;50;Gut
18.03.1984;;50;Gut
19.03.1984;;50;Gut
20.03.1984;;50;Gut
21.03.1984;;75;Gut
22.03.1984;;75;Gut
23.03.1984;;75;Gut
24.03.1984;;50;Gut
25.03.1984;;50;Gut
26.03.1984;;50;Gut
27.03.1984;;60;Gut
28.03.1984;;60;Gut
29.03.1984;;70;Gut
30.03.1984;;70;Gut
31.03.1984;;70;Gut
01.04.1984;;70;Gut
02.04.1984;;75;Gut
03.04.1984;;80;Gut
04.04.1984;;90;Gut
05.04.1984;;70;Gut
06.04.1984;;60;Gut
07.04.1984;;60;Gut
08.04.1984;;60;Gut
09.04.1984;;60;Gut
10.04.1984;;60;Gut
11.04.1984;;60;Gut
12.04.1984;;60;Gut
13.04.1984;;60;Gut
14.04.1984;;60;Gut
15.04.1984;;60;Gut
16.04.1984;;60;Gut
17.04.1984;;60;Gut
18.04.1984;;60;Gut
19.04.1984;;58;Gut
20.04.1984;;58;Gut
21.04.1984;;60;Gut
22.04.1984;;60;Gut
23.04.1984;;50;Gut
24.04.1984;;50;Gut
25.04.1984;;48;Gut
26.04.1984;;48;Gut
27.04.1984;;50;Gut
28.04.1984;;50;Gut
29.04.1984;;48;Gut
30.04.1984;;47;Gut
01.05.1984;;55;Gut
02.05.1984;;60;Gut
03.05.1984;;50;Gut
04.05.1984;;60;Gut
05.05.1984;;65;Gut
06.05.1984;;75;Gut
07.05.1984;;75;Gut
08.05.1984;;80;Gut
09.05.1984;;80;Gut
10.05.1984;;75;Gut
11.05.1984;;75;Gut
12.05.1984;;75;Gut
13.05.1984;;75;Gut
14.05.1984;;70;Gut
15.05.1984;;70;Gut
16.05.1984;;70;Gut
17.05.1984;;70;Gut
18.05.1984;;70;Gut
19.05.1984;;70;Gut
20.05.1984;;70;Gut
21.05.1984;;73;Gut
22.05.1984;;73;Gut
23.05.1984;;75;Gut
24.05.1984;;75;Gut
25.05.1984;;75;Gut
26.05.1984;;75;Gut
27.05.1984;;75;Gut
28.05.1984;;75;Gut
29.05.1984;;90;Gut
30.05.1984;;100;Gut
31.05.1984;;100;Gut
01.06.1984;;100;Gut
02.06.1984;;70;Gut
03.06.1984;;70;Gut
04.06.1984;;70;Gut
05.06.1984;;70;Gut
06.06.1984;;70;Gut
07.06.1984;;70;Gut
08.06.1984;;65;Gut
09.06.1984;;65;Gut
10.06.1984;;65;Gut
11.06.1984;;55;Gut
12.06.1984;;55;Gut
13.06.1984;;95;Gut
14.06.1984;;100;Gut
15.06.1984;;105;Gut
16.06.1984;;105;Gut
17.06.1984;;105;Gut
18.06.1984;;85;Gut
19.06.1984;;85;Gut
20.06.1984;;85;Gut
21.06.1984;;85;Gut
22.06.1984;;85;Gut
23.06.1984;;85;Gut
24.06.1984;;75;Gut
25.06.1984;;70;Gut
26.06.1984;;65;Gut
27.06.1984;;65;Gut
28.06.1984;;65;Gut
29.06.1984;;65;Gut
30.06.1984;;65;Gut
01.07.1984;;65;Gut
02.07.1984;;65;Gut
03.07.1984;;65;Gut
04.07.1984;;65;Gut
05.07.1984;;65;Gut
06.07.1984;;65;Gut
07.07.1984;;65;Gut
08.07.1984;;60;Gut
09.07.1984;;60;Gut
10.07.1984;;60;Gut
11.07.1984;;82;Gut
12.07.1984;;85;Gut
13.07.1984;;85;Gut
14.07.1984;;85;Gut
15.07.1984;;85;Gut
16.07.1984;;85;Gut
17.07.1984;;85;Gut
18.07.1984;;58;Gut
19.07.1984;;58;Gut
20.07.1984;;55;Gut
21.07.1984;;55;Gut
22.07.1984;;55;Gut
23.07.1984;;55;Gut
24.07.1984;;55;Gut
25.07.1984;;55;Gut
26.07.1984;;70;Gut
27.07.1984;;70;Gut
28.07.1984;;70;Gut
29.07.1984;;70;Gut
30.07.1984;;70;Gut
31.07.1984;;70;Gut
01.08.1984;;70;Gut
02.08.1984;;70;Gut
03.08.1984;;70;Gut
04.08.1984;;70;Gut
05.08.1984;;70;Gut
06.08.1984;;70;Gut
07.08.1984;;70;Gut
08.08.1984;;70;Gut
09.08.1984;;73;Gut
10.08.1984;;81;Gut
11.08.1984;;103;Gut
12.08.1984;;110;Gut
13.08.1984;;110;Gut
14.08.1984;;110;Gut
15.08.1984;;109;Gut
16.08.1984;;109;Gut
17.08.1984;;100;Gut
18.08.1984;;103;Gut
19.08.1984;;93;Gut
20.08.1984;;90;Gut
21.08.1984;;90;Gut
22.08.1984;;90;Gut
23.08.1984;;87;Gut
24.08.1984;;83;Gut
25.08.1984;;83;Gut
26.08.1984;;85;Gut
27.08.1984;;82;Gut
28.08.1984;;82;Gut
29.08.1984;;82;Gut
30.08.1984;;80;Gut
31.08.1984;;80;Gut
01.09.1984;;80;Gut
02.09.1984;;80;Gut
03.09.1984;;80;Gut
04.09.1984;;78;Gut
05.09.1984;;78;Gut
06.09.1984;;75;Gut
07.09.1984;;75;Gut
08.09.1984;;75;Gut
09.09.1984;;75;Gut
10.09.1984;;95;Gut
11.09.1984;;65;Gut
12.09.1984;;60;Gut
13.09.1984;;60;Gut
14.09.1984;;60;Gut
15.09.1984;;60;Gut
16.09.1984;;60;Gut
17.09.1984;;60;Gut
18.09.1984;;50;Gut
19.09.1984;;50;Gut
20.09.1984;;50;Gut
21.09.1984;;50;Gut
22.09.1984;;50;Gut
23.09.1984;;50;Gut
24.09.1984;;45;Gut
25.09.1984;;45;Gut
26.09.1984;;45;Gut
27.09.1984;;43;Gut
28.09.1984;;43;Gut
29.09.1984;;42;Gut
30.09.1984;;42;Gut
01.10.1984;;42;Gut
02.10.1984;;42;Gut
03.10.1984;;40;Gut
04.10.1984;;40;Gut
05.10.1984;;40;Gut
06.10.1984;;40;Gut
07.10.1984;;40;Gut
08.10.1984;;40;Gut
09.10.1984;;45;Gut
10.10.1984;;45;Gut
11.10.1984;;48;Gut
12.10.1984;;48;Gut
13.10.1984;;48;Gut
14.10.1984;;48;Gut
15.10.1984;;48;Gut
16.10.1984;;50;Gut
17.10.1984;;50;Gut
18.10.1984;;45;Gut
19.10.1984;;45;Gut
20.10.1984;;45;Gut
21.10.1984;;45;Gut
22.10.1984;;45;Gut
23.10.1984;;45;Gut
24.10.1984;;45;Gut
25.10.1984;;45;Gut
26.10.1984;;45;Gut
27.10.1984;;45;Gut
28.10.1984;;45;Gut
29.10.1984;;45;Gut
30.10.1984;;45;Gut
31.10.1984;;45;Gut
01.11.1984;;50;Gut
02.11.1984;;50;Gut
03.11.1984;;50;Gut
04.11.1984;;48;Gut
05.11.1984;;48;Gut
06.11.1984;;48;Gut
07.11.1984;;48;Gut
08.11.1984;;48;Gut
09.11.1984;;45;Gut
10.11.1984;;45;Gut
11.11.1984;;45;Gut
12.11.1984;;45;Gut
13.11.1984;;45;Gut
14.11.1984;;45;Gut
15.11.1984;;45;Gut
16.11.1984;;47;Gut
17.11.1984;;47;Gut
18.11.1984;;49;Gut
19.11.1984;;49;Gut
20.11.1984;;45;Gut
21.11.1984;;45;Gut
22.11.1984;;45;Gut
23.11.1984;;50;Gut
24.11.1984;;50;Gut
25.11.1984;;52;Gut
26.11.1984;;52;Gut
27.11.1984;;50;Gut
28.11.1984;;50;Gut
29.11.1984;;48;Gut
30.11.1984;;48;Gut
01.12.1984;;48;Gut
02.12.1984;;48;Gut
03.12.1984;;45;Gut
04.12.1984;;45;Gut
05.12.1984;;45;Gut
06.12.1984;;45;Gut
07.12.1984;;44;Gut
08.12.1984;;44;Gut
09.12.1984;;44;Gut
10.12.1984;;44;Gut
11.12.1984;;42;Gut
12.12.1984;;42;Gut
13.12.1984;;40;Gut
14.12.1984;;40;Gut
15.12.1984;;40;Gut
16.12.1984;;40;Gut
17.12.1984;;40;Gut
18.12.1984;;40;Gut
19.12.1984;;41;Gut
20.12.1984;;42;Gut
21.12.1984;;42;Gut
22.12.1984;;42;Gut
23.12.1984;;40;Gut
24.12.1984;;40;Gut
25.12.1984;;40;Gut
26.12.1984;;40;Gut
27.12.1984;;40;Gut
28.12.1984;;40;Gut
29.12.1984;;40;Gut
30.12.1984;;42;Gut
31.12.1984;;42;Gut
01.01.1985;;42;Gut
02.01.1985;;42;Gut
03.01.1985;;42;Gut
04.01.1985;;43;Gut
05.01.1985;;43;Gut
06.01.1985;;43;Gut
07.01.1985;;43;Gut
08.01.1985;;43;Gut
09.01.1985;;45;Gut
10.01.1985;;45;Gut
11.01.1985;;45;Gut
12.01.1985;;45;Gut
13.01.1985;;45;Gut
14.01.1985;;45;Gut
15.01.1985;;45;Gut
16.01.1985;;43;Gut
17.01.1985;;43;Gut
18.01.1985;;43;Gut
19.01.1985;;43;Gut
20.01.1985;;43;Gut
21.01.1985;;43;Gut
22.01.1985;;43;Gut
23.01.1985;;43;Gut
24.01.1985;;43;Gut
25.01.1985;;43;Gut
26.01.1985;;43;Gut
27.01.1985;;43;Gut
28.01.1985;;40;Gut
29.01.1985;;40;Gut
30.01.1985;;40;Gut
31.01.1985;;40;Gut
01.02.1985;;40;Gut
02.02.1985;;40;Gut
03.02.1985;;40;Gut
04.02.1985;;42;Gut
05.02.1985;;42;Gut
06.02.1985;;43;Gut
07.02.1985;;40;Gut
08.02.1985;;40;Gut
09.02.1985;;40;Gut
10.02.1985;;40;Gut
11.02.1985;;40;Gut
12.02.1985;;40;Gut
13.02.1985;;40;Gut
14.02.1985;;38;Gut
15.02.1985;;38;Gut
16.02.1985;;38;Gut
17.02.1985;;40;Gut
18.02.1985;;40;Gut
19.02.1985;;40;Gut
20.02.1985;;40;Gut
21.02.1985;;38;Gut
22.02.1985;;38;Gut
23.02.1985;;38;Gut
24.02.1985;;35;Gut
25.02.1985;;35;Gut
26.02.1985;;35;Gut
27.02.1985;;35;Gut
28.02.1985;;35;Gut
01.03.1985;;35;Gut
02.03.1985;;35;Gut
03.03.1985;;30;Gut
04.03.1985;;30;Gut
05.03.1985;;30;Gut
06.03.1985;;35;Gut
07.03.1985;;35;Gut
08.03.1985;;35;Gut
09.03.1985;;35;Gut
10.03.1985;;35;Gut
11.03.1985;;33;Gut
12.03.1985;;33;Gut
13.03.1985;;35;Gut
14.03.1985;;35;Gut
15.03.1985;;35;Gut
16.03.1985;;35;Gut
17.03.1985;;35;Gut
18.03.1985;;35;Gut
19.03.1985;;35;Gut
20.03.1985;;35;Gut
21.03.1985;;35;Gut
22.03.1985;;35;Gut
23.03.1985;;35;Gut
24.03.1985;;35;Gut
25.03.1985;;35;Gut
26.03.1985;;35;Gut
27.03.1985;;35;Gut
28.03.1985;;35;Gut
29.03.1985;;35;Gut
30.03.1985;;35;Gut
31.03.1985;;35;Gut
01.04.1985;;35;Gut
02.04.1985;;35;Gut
03.04.1985;;35;Gut
04.04.1985;;35;Gut
05.04.1985;;35;Gut
06.04.1985;;35;Gut
07.04.1985;;35;Gut
08.04.1985;;35;Gut
09.04.1985;;35;Gut
10.04.1985;;35;Gut
11.04.1985;;35;Gut
12.04.1985;;35;Gut
13.04.1985;;35;Gut
14.04.1985;;35;Gut
15.04.1985;;35;Gut
16.04.1985;;35;Gut
17.04.1985;;35;Gut
18.04.1985;;35;Gut
19.04.1985;;35;Gut
20.04.1985;;35;Gut
21.04.1985;;35;Gut
22.04.1985;;35;Gut
23.04.1985;;35;Gut
24.04.1985;;35;Gut
25.04.1985;;60;Gut
26.04.1985;;60;Gut
27.04.1985;;60;Gut
28.04.1985;;65;Gut
29.04.1985;;70;Gut
30.04.1985;;70;Gut
01.05.1985;;75;Gut
02.05.1985;;75;Gut
03.05.1985;;40;Gut
04.05.1985;;40;Gut
05.05.1985;;35;Gut
06.05.1985;;35;Gut
07.05.1985;;35;Gut
08.05.1985;;40;Gut
09.05.1985;;45;Gut
10.05.1985;;50;Gut
11.05.1985;;47;Gut
12.05.1985;;45;Gut
13.05.1985;;40;Gut
14.05.1985;;35;Gut
15.05.1985;;35;Gut
16.05.1985;;35;Gut
17.05.1985;;35;Gut
18.05.1985;;30;Gut
19.05.1985;;30;Gut
20.05.1985;;30;Gut
21.05.1985;;30;Gut
22.05.1985;;30;Gut
23.05.1985;;48;Gut
24.05.1985;;58;Gut
25.05.1985;;58;Gut
26.05.1985;;58;Gut
27.05.1985;;58;Gut
28.05.1985;;55;Gut
29.05.1985;;55;Gut
30.05.1985;;55;Gut
31.05.1985;;55;Gut
01.06.1985;;55;Gut
02.06.1985;;53;Gut
03.06.1985;;53;Gut
04.06.1985;;51;Gut
05.06.1985;;51;Gut
06.06.1985;;51;Gut
07.06.1985;;50;Gut
08.06.1985;;50;Gut
09.06.1985;;50;Gut
10.06.1985;;50;Gut
11.06.1985;;55;Gut
12.06.1985;;60;Gut
13.06.1985;;60;Gut
14.06.1985;;60;Gut
15.06.1985;;60;Gut
16.06.1985;;62;Gut
17.06.1985;;62;Gut
18.06.1985;;65;Gut
19.06.1985;;65;Gut
20.06.1985;;65;Gut
21.06.1985;;65;Gut
22.06.1985;;70;Gut
23.06.1985;;70;Gut
24.06.1985;;73;Gut
25.06.1985;;75;Gut
26.06.1985;;75;Gut
27.06.1985;;78;Gut
28.06.1985;;80;Gut
29.06.1985;;80;Gut
30.06.1985;;85;Gut
01.07.1985;;80;Gut
02.07.1985;;45;Gut
03.07.1985;;45;Gut
04.07.1985;;43;Gut
05.07.1985;;42;Gut
06.07.1985;;40;Gut
07.07.1985;;40;Gut
08.07.1985;;40;Gut
09.07.1985;;40;Gut
10.07.1985;;40;Gut
11.07.1985;;40;Gut
12.07.1985;;40;Gut
13.07.1985;;40;Gut
14.07.1985;;40;Gut
15.07.1985;;40;Gut
16.07.1985;;40;Gut
17.07.1985;;40;Gut
18.07.1985;;40;Gut
19.07.1985;;40;Gut
20.07.1985;;58;Gut
21.07.1985;;60;Gut
22.07.1985;;60;Gut
23.07.1985;;40;Gut
24.07.1985;;40;Gut
25.07.1985;;40;Gut
26.07.1985;;50;Gut
27.07.1985;;52;Gut
28.07.1985;;52;Gut
29.07.1985;;54;Gut
30.07.1985;;53;Gut
31.07.1985;;50;Gut
01.08.1985;;50;Gut
02.08.1985;;50;Gut
03.08.1985;;45;Gut
04.08.1985;;45;Gut
05.08.1985;;43;Gut
06.08.1985;;42;Gut
07.08.1985;;40;Gut
08.08.1985;;38;Gut
09.08.1985;;38;Gut
10.08.1985;;35;Gut
11.08.1985;;35;Gut
12.08.1985;;35;Gut
13.08.1985;;35;Gut
14.08.1985;;32;Gut
15.08.1985;;32;Gut
16.08.1985;;35;Gut
17.08.1985;;35;Gut
18.08.1985;;38;Gut
19.08.1985;;43;Gut
20.08.1985;;43;Gut
21.08.1985;;43;Gut
22.08.1985;;43;Gut
23.08.1985;;42;Gut
24.08.1985;;42;Gut
25.08.1985;;42;Gut
26.08.1985;;40;Gut
27.08.1985;;40;Gut
28.08.1985;;40;Gut
29.08.1985;;45;Gut
30.08.1985;;45;Gut
31.08.1985;;45;Gut
01.09.1985;;45;Gut
02.09.1985;;45;Gut
03.09.1985;;45;Gut
04.09.1985;;48;Gut
05.09.1985;;50;Gut
06.09.1985;;50;Gut
07.09.1985;;50;Gut
08.09.1985;;48;Gut
09.09.1985;;48;Gut
10.09.1985;;46;Gut
11.09.1985;;46;Gut
12.09.1985;;45;Gut
13.09.1985;;45;Gut
14.09.1985;;45;Gut
15.09.1985;;45;Gut
16.09.1985;;45;Gut
17.09.1985;;45;Gut
18.09.1985;;45;Gut
19.09.1985;;43;Gut
20.09.1985;;60;Gut
21.09.1985;;60;Gut
22.09.1985;;60;Gut
23.09.1985;;60;Gut
24.09.1985;;57;Gut
25.09.1985;;55;Gut
26.09.1985;;35;Gut
27.09.1985;;35;Gut
28.09.1985;;32;Gut
29.09.1985;;50;Gut
30.09.1985;;50;Gut
01.10.1985;;50;Gut
02.10.1985;;50;Gut
03.10.1985;;50;Gut
04.10.1985;;50;Gut
05.10.1985;;50;Gut
06.10.1985;;50;Gut
07.10.1985;;50;Gut
08.10.1985;;54;Gut
09.10.1985;;54;Gut
10.10.1985;;55;Gut
11.10.1985;;55;Gut
12.10.1985;;55;Gut
13.10.1985;;55;Gut
14.10.1985;;55;Gut
15.10.1985;;53;Gut
16.10.1985;;53;Gut
17.10.1985;;50;Gut
18.10.1985;;50;Gut
19.10.1985;;50;Gut
20.10.1985;;50;Gut
21.10.1985;;50;Gut
22.10.1985;;50;Gut
23.10.1985;;50;Gut
24.10.1985;;50;Gut
25.10.1985;;50;Gut
26.10.1985;;50;Gut
27.10.1985;;50;Gut
28.10.1985;;50;Gut
29.10.1985;;50;Gut
30.10.1985;;50;Gut
31.10.1985;;50;Gut
01.11.1985;;50;Gut
02.11.1985;;50;Gut
03.11.1985;;50;Gut
04.11.1985;;50;Gut
05.11.1985;;50;Gut
06.11.1985;;50;Gut
07.11.1985;;50;Gut
08.11.1985;;35;Gut
09.11.1985;;30;Gut
10.11.1985;;30;Gut
11.11.1985;;30;Gut
12.11.1985;;30;Gut
13.11.1985;;30;Gut
14.11.1985;;30;Gut
15.11.1985;;30;Gut
16.11.1985;;30;Gut
17.11.1985;;30;Gut
18.11.1985;;30;Gut
19.11.1985;;30;Gut
20.11.1985;;30;Gut
21.11.1985;;30;Gut
22.11.1985;;30;Gut
23.11.1985;;30;Gut
24.11.1985;;30;Gut
25.11.1985;;30;Gut
26.11.1985;;30;Gut
27.11.1985;;30;Gut
28.11.1985;;30;Gut
29.11.1985;;30;Gut
30.11.1985;;30;Gut
01.12.1985;;30;Gut
02.12.1985;;30;Gut
03.12.1985;;30;Gut
04.12.1985;;30;Gut
05.12.1985;;35;Gut
06.12.1985;;35;Gut
07.12.1985;;35;Gut
08.12.1985;;35;Gut
09.12.1985;;32;Gut
10.12.1985;;32;Gut
11.12.1985;;30;Gut
12.12.1985;;30;Gut
13.12.1985;;30;Gut
14.12.1985;;30;Gut
15.12.1985;;30;Gut
16.12.1985;;30;Gut
17.12.1985;;30;Gut
18.12.1985;;30;Gut
19.12.1985;;30;Gut
20.12.1985;;30;Gut
21.12.1985;;30;Gut
22.12.1985;;30;Gut
23.12.1985;;30;Gut
24.12.1985;;30;Gut
25.12.1985;;30;Gut
26.12.1985;;30;Gut
27.12.1985;;30;Gut
28.12.1985;;30;Gut
29.12.1985;;30;Gut
30.12.1985;;30;Gut
31.12.1985;;30;Gut
01.01.1986;;30;Gut
02.01.1986;;30;Gut
03.01.1986;;30;Gut
04.01.1986;;30;Gut
05.01.1986;;30;Gut
06.01.1986;;30;Gut
07.01.1986;;30;Gut
08.01.1986;;30;Gut
09.01.1986;;30;Gut
10.01.1986;;30;Gut
11.01.1986;;30;Gut
12.01.1986;;30;Gut
13.01.1986;;30;Gut
14.01.1986;;30;Gut
15.01.1986;;30;Gut
16.01.1986;;30;Gut
17.01.1986;;30;Gut
18.01.1986;;30;Gut
19.01.1986;;30;Gut
20.01.1986;;30;Gut
21.01.1986;;30;Gut
22.01.1986;;30;Gut
23.01.1986;;30;Gut
24.01.1986;;30;Gut
25.01.1986;;30;Gut
26.01.1986;;30;Gut
27.01.1986;;30;Gut
28.01.1986;;30;Gut
29.01.1986;;30;Gut
30.01.1986;;30;Gut
31.01.1986;;30;Gut
01.02.1986;;30;Gut
02.02.1986;;30;Gut
03.02.1986;;30;Gut
04.02.1986;;30;Gut
05.02.1986;;30;Gut
06.02.1986;;30;Gut
07.02.1986;;30;Gut
08.02.1986;;30;Gut
09.02.1986;;30;Gut
10.02.1986;;30;Gut
11.02.1986;;30;Gut
12.02.1986;;30;Gut
13.02.1986;;30;Gut
14.02.1986;;30;Gut
15.02.1986;;30;Gut
16.02.1986;;32;Gut
17.02.1986;;34;Gut
18.02.1986;;34;Gut
19.02.1986;;34;Gut
20.02.1986;;38;Gut
21.02.1986;;38;Gut
22.02.1986;;38;Gut
23.02.1986;;40;Gut
24.02.1986;;40;Gut
25.02.1986;;40;Gut
26.02.1986;;40;Gut
27.02.1986;;40;Gut
28.02.1986;;40;Gut
01.03.1986;;40;Gut
02.03.1986;;40;Gut
03.03.1986;;40;Gut
04.03.1986;;40;Gut
05.03.1986;;40;Gut
06.03.1986;;40;Gut
07.03.1986;;40;Gut
08.03.1986;;40;Gut
09.03.1986;;40;Gut
10.03.1986;;40;Gut
11.03.1986;;40;Gut
12.03.1986;;40;Gut
13.03.1986;;40;Gut
14.03.1986;;38;Gut
15.03.1986;;38;Gut
16.03.1986;;36;Gut
17.03.1986;;35;Gut
18.03.1986;;34;Gut
19.03.1986;;34;Gut
20.03.1986;;34;Gut
21.03.1986;;34;Gut
22.03.1986;;34;Gut
23.03.1986;;34;Gut
24.03.1986;;34;Gut
25.03.1986;;34;Gut
26.03.1986;;34;Gut
27.03.1986;;34;Gut
28.03.1986;;34;Gut
29.03.1986;;34;Gut
30.03.1986;;34;Gut
31.03.1986;;34;Gut
01.04.1986;;34;Gut
02.04.1986;;34;Gut
03.04.1986;;34;Gut
04.04.1986;;34;Gut
05.04.1986;;32;Gut
06.04.1986;;32;Gut
07.04.1986;;32;Gut
08.04.1986;;30;Gut
09.04.1986;;30;Gut
10.04.1986;;30;Gut
11.04.1986;;30;Gut
12.04.1986;;30;Gut
13.04.1986;;30;Gut
14.04.1986;;30;Gut
15.04.1986;;30;Gut
16.04.1986;;30;Gut
17.04.1986;;30;Gut
18.04.1986;;30;Gut
19.04.1986;;30;Gut
20.04.1986;;30;Gut
21.04.1986;;30;Gut
22.04.1986;;30;Gut
23.04.1986;;30;Gut
24.04.1986;;30;Gut
25.04.1986;;30;Gut
26.04.1986;;30;Gut
27.04.1986;;30;Gut
28.04.1986;;30;Gut
29.04.1986;;30;Gut
30.04.1986;;30;Gut
01.05.1986;;30;Gut
02.05.1986;;30;Gut
03.05.1986;;30;Gut
04.05.1986;;30;Gut
05.05.1986;;30;Gut
06.05.1986;;30;Gut
07.05.1986;;50;Gut
08.05.1986;;50;Gut
09.05.1986;;50;Gut
10.05.1986;;50;Gut
11.05.1986;;50;Gut
12.05.1986;;54;Gut
13.05.1986;;52;Gut
14.05.1986;;52;Gut
15.05.1986;;52;Gut
16.05.1986;;52;Gut
17.05.1986;;68;Gut
18.05.1986;;65;Gut
19.05.1986;;65;Gut
20.05.1986;;60;Gut
21.05.1986;;60;Gut
22.05.1986;;60;Gut
23.05.1986;;58;Gut
24.05.1986;;58;Gut
25.05.1986;;55;Gut
26.05.1986;;62;Gut
27.05.1986;;65;Gut
28.05.1986;;65;Gut
29.05.1986;;70;Gut
30.05.1986;;70;Gut
31.05.1986;;75;Gut
01.06.1986;;45;Gut
02.06.1986;;40;Gut
03.06.1986;;35;Gut
04.06.1986;;58;Gut
05.06.1986;;68;Gut
06.06.1986;;62;Gut
07.06.1986;;60;Gut
08.06.1986;;55;Gut
09.06.1986;;50;Gut
10.06.1986;;45;Gut
11.06.1986;;45;Gut
12.06.1986;;45;Gut
13.06.1986;;40;Gut
14.06.1986;;40;Gut
15.06.1986;;40;Gut
16.06.1986;;40;Gut
17.06.1986;;40;Gut
18.06.1986;;40;Gut
19.06.1986;;40;Gut
20.06.1986;;40;Gut
21.06.1986;;40;Gut
22.06.1986;;40;Gut
23.06.1986;;40;Gut
24.06.1986;;40;Gut
25.06.1986;;40;Gut
26.06.1986;;40;Gut
27.06.1986;;40;Gut
28.06.1986;;40;Gut
29.06.1986;;40;Gut
30.06.1986;;40;Gut
01.07.1986;;40;Gut
02.07.1986;;40;Gut
03.07.1986;;40;Gut
04.07.1986;;40;Gut
05.07.1986;;37;Gut
06.07.1986;;35;Gut
07.07.1986;;35;Gut
08.07.1986;;33;Gut
09.07.1986;;33;Gut
10.07.1986;;30;Gut
11.07.1986;;30;Gut
12.07.1986;;35;Gut
13.07.1986;;40;Gut
14.07.1986;;45;Gut
15.07.1986;;45;Gut
16.07.1986;;40;Gut
17.07.1986;;35;Gut
18.07.1986;;33;Gut
19.07.1986;;33;Gut
20.07.1986;;33;Gut
21.07.1986;;33;Gut
22.07.1986;;33;Gut
23.07.1986;;35;Gut
24.07.1986;;35;Gut
25.07.1986;;37;Gut
26.07.1986;;38;Gut
27.07.1986;;37;Gut
28.07.1986;;35;Gut
29.07.1986;;35;Gut
30.07.1986;;35;Gut
31.07.1986;;35;Gut
01.08.1986;;35;Gut
02.08.1986;;35;Gut
03.08.1986;;35;Gut
04.08.1986;;45;Gut
05.08.1986;;47;Gut
06.08.1986;;50;Gut
07.08.1986;;50;Gut
08.08.1986;;50;Gut
09.08.1986;;48;Gut
10.08.1986;;48;Gut
11.08.1986;;45;Gut
12.08.1986;;45;Gut
13.08.1986;;40;Gut
14.08.1986;;35;Gut
15.08.1986;;33;Gut
16.08.1986;;30;Gut
17.08.1986;;30;Gut
18.08.1986;;30;Gut
19.08.1986;;30;Gut
20.08.1986;;30;Gut
21.08.1986;;30;Gut
22.08.1986;;30;Gut
23.08.1986;;30;Gut
24.08.1986;;30;Gut
25.08.1986;;40;Gut
26.08.1986;;40;Gut
27.08.1986;;40;Gut
28.08.1986;;40;Gut
29.08.1986;;42;Gut
30.08.1986;;42;Gut
31.08.1986;;50;Gut
01.09.1986;;50;Gut
02.09.1986;;50;Gut
03.09.1986;;50;Gut
04.09.1986;;50;Gut
05.09.1986;;50;Gut
06.09.1986;;52;Gut
07.09.1986;;52;Gut
08.09.1986;;52;Gut
09.09.1986;;52;Gut
10.09.1986;;52;Gut
11.09.1986;;52;Gut
12.09.1986;;52;Gut
13.09.1986;;53;Gut
14.09.1986;;54;Gut
15.09.1986;;82;Gut
16.09.1986;;87;Gut
17.09.1986;;87;Gut
18.09.1986;;95;Gut
19.09.1986;;98;Gut
20.09.1986;;85;Gut
21.09.1986;;83;Gut
22.09.1986;;80;Gut
23.09.1986;;80;Gut
24.09.1986;;79;Gut
25.09.1986;;76;Gut
26.09.1986;;76;Gut
27.09.1986;;70;Gut
28.09.1986;;70;Gut
29.09.1986;;68;Gut
30.09.1986;;65;Gut
01.10.1986;;65;Gut
02.10.1986;;62;Gut
03.10.1986;;60;Gut
04.10.1986;;58;Gut
05.10.1986;;55;Gut
06.10.1986;;55;Gut
07.10.1986;;58;Gut
08.10.1986;;60;Gut
09.10.1986;;60;Gut
10.10.1986;;60;Gut
11.10.1986;;60;Gut
12.10.1986;;60;Gut
13.10.1986;;60;Gut
14.10.1986;;60;Gut
15.10.1986;;60;Gut
16.10.1986;;60;Gut
17.10.1986;;60;Gut
18.10.1986;;60;Gut
19.10.1986;;60;Gut
20.10.1986;;60;Gut
21.10.1986;;60;Gut
22.10.1986;;60;Gut
23.10.1986;;90;Gut
24.10.1986;;90;Gut
25.10.1986;;49;Gut
26.10.1986;;45;Gut
27.10.1986;;43;Gut
28.10.1986;;40;Gut
29.10.1986;;40;Gut
30.10.1986;;40;Gut
31.10.1986;;40;Gut
01.11.1986;;40;Gut
02.11.1986;;40;Gut
03.11.1986;;38;Gut
04.11.1986;;38;Gut
05.11.1986;;36;Gut
06.11.1986;;35;Gut
07.11.1986;;35;Gut
08.11.1986;;35;Gut
09.11.1986;;35;Gut
10.11.1986;;35;Gut
11.11.1986;;37;Gut
12.11.1986;;37;Gut
13.11.1986;;36;Gut
14.11.1986;;36;Gut
15.11.1986;;35;Gut
16.11.1986;;35;Gut
17.11.1986;;35;Gut
18.11.1986;;35;Gut
19.11.1986;;35;Gut
20.11.1986;;35;Gut
21.11.1986;;35;Gut
22.11.1986;;35;Gut
23.11.1986;;35;Gut
24.11.1986;;35;Gut
25.11.1986;;35;Gut
26.11.1986;;35;Gut
27.11.1986;;35;Gut
28.11.1986;;35;Gut
29.11.1986;;35;Gut
30.11.1986;;35;Gut
01.12.1986;;35;Gut
02.12.1986;;35;Gut
03.12.1986;;35;Gut
04.12.1986;;35;Gut
05.12.1986;;35;Gut
06.12.1986;;35;Gut
07.12.1986;;35;Gut
08.12.1986;;35;Gut
09.12.1986;;27;Gut
10.12.1986;;20;Gut
11.12.1986;;20;Gut
12.12.1986;;20;Gut
13.12.1986;;20;Gut
14.12.1986;;20;Gut
15.12.1986;;20;Gut
16.12.1986;;20;Gut
17.12.1986;;20;Gut
18.12.1986;;20;Gut
19.12.1986;;20;Gut
20.12.1986;;20;Gut
21.12.1986;;20;Gut
22.12.1986;;20;Gut
23.12.1986;;20;Gut
24.12.1986;;20;Gut
25.12.1986;;25;Gut
26.12.1986;;30;Gut
27.12.1986;;30;Gut
28.12.1986;;30;Gut
29.12.1986;;40;Gut
30.12.1986;;40;Gut
31.12.1986;;40;Gut
01.01.1987;;60;Gut
02.01.1987;;60;Gut
03.01.1987;;60;Gut
04.01.1987;;58;Gut
05.01.1987;;55;Gut
06.01.1987;;55;Gut
07.01.1987;;53;Gut
08.01.1987;;45;Gut
09.01.1987;;45;Gut
10.01.1987;;45;Gut
11.01.1987;;43;Gut
12.01.1987;;40;Gut
13.01.1987;;40;Gut
14.01.1987;;40;Gut
15.01.1987;;40;Gut
16.01.1987;;40;Gut
17.01.1987;;40;Gut
18.01.1987;;40;Gut
19.01.1987;;40;Gut
20.01.1987;;40;Gut
21.01.1987;;38;Gut
22.01.1987;;38;Gut
23.01.1987;;35;Gut
24.01.1987;;35;Gut
25.01.1987;;35;Gut
26.01.1987;;35;Gut
27.01.1987;;35;Gut
28.01.1987;;35;Gut
29.01.1987;;35;Gut
30.01.1987;;35;Gut
31.01.1987;;35;Gut
01.02.1987;;35;Gut
02.02.1987;;35;Gut
03.02.1987;;30;Gut
04.02.1987;;30;Gut
05.02.1987;;30;Gut
06.02.1987;;30;Gut
07.02.1987;;30;Gut
08.02.1987;;30;Gut
09.02.1987;;30;Gut
10.02.1987;;30;Gut
11.02.1987;;30;Gut
12.02.1987;;35;Gut
13.02.1987;;35;Gut
14.02.1987;;35;Gut
15.02.1987;;35;Gut
16.02.1987;;35;Gut
17.02.1987;;35;Gut
18.02.1987;;30;Gut
19.02.1987;;30;Gut
20.02.1987;;30;Gut
21.02.1987;;30;Gut
22.02.1987;;30;Gut
23.02.1987;;28;Gut
24.02.1987;;28;Gut
25.02.1987;;26;Gut
26.02.1987;;26;Gut
27.02.1987;;25;Gut
28.02.1987;;25;Gut
01.03.1987;;25;Gut
02.03.1987;;25;Gut
03.03.1987;;30;Gut
04.03.1987;;20;Gut
05.03.1987;;20;Gut
06.03.1987;;20;Gut
07.03.1987;;20;Gut
08.03.1987;;20;Gut
09.03.1987;;20;Gut
10.03.1987;;20;Gut
11.03.1987;;20;Gut
12.03.1987;;20;Gut
13.03.1987;;20;Gut
14.03.1987;;20;Gut
15.03.1987;;20;Gut
16.03.1987;;20;Gut
17.03.1987;;20;Gut
18.03.1987;;20;Gut
19.03.1987;;20;Gut
20.03.1987;;20;Gut
21.03.1987;;20;Gut
22.03.1987;;20;Gut
23.03.1987;;25;Gut
24.03.1987;;30;Gut
25.03.1987;;30;Gut
26.03.1987;;35;Gut
27.03.1987;;35;Gut
28.03.1987;;33;Gut
29.03.1987;;25;Gut
30.03.1987;;25;Gut
31.03.1987;;25;Gut
01.04.1987;;25;Gut
02.04.1987;;25;Gut
03.04.1987;;25;Gut
04.04.1987;;25;Gut
05.04.1987;;25;Gut
06.04.1987;;25;Gut
07.04.1987;;25;Gut
08.04.1987;;25;Gut
09.04.1987;;25;Gut
10.04.1987;;25;Gut
11.04.1987;;25;Gut
12.04.1987;;25;Gut
13.04.1987;;25;Gut
14.04.1987;;25;Gut
15.04.1987;;25;Gut
16.04.1987;;20;Gut
17.04.1987;;20;Gut
18.04.1987;;20;Gut
19.04.1987;;20;Gut
20.04.1987;;20;Gut
21.04.1987;;20;Gut
22.04.1987;;20;Gut
23.04.1987;;20;Gut
24.04.1987;;20;Gut
25.04.1987;;20;Gut
26.04.1987;;20;Gut
27.04.1987;;20;Gut
28.04.1987;;20;Gut
29.04.1987;;20;Gut
30.04.1987;;20;Gut
01.05.1987;;20;Gut
02.05.1987;;20;Gut
03.05.1987;;20;Gut
04.05.1987;;20;Gut
05.05.1987;;20;Gut
06.05.1987;;20;Gut
07.05.1987;;20;Gut
08.05.1987;;20;Gut
09.05.1987;;20;Gut
10.05.1987;;20;Gut
11.05.1987;;20;Gut
12.05.1987;;20;Gut
13.05.1987;;20;Gut
14.05.1987;;20;Gut
15.05.1987;;20;Gut
16.05.1987;;20;Gut
17.05.1987;;20;Gut
18.05.1987;;20;Gut
19.05.1987;;30;Gut
20.05.1987;;30;Gut
21.05.1987;;35;Gut
22.05.1987;;35;Gut
23.05.1987;;35;Gut
24.05.1987;;35;Gut
25.05.1987;;33;Gut
26.05.1987;;33;Gut
27.05.1987;;32;Gut
28.05.1987;;30;Gut
29.05.1987;;30;Gut
30.05.1987;;30;Gut
31.05.1987;;30;Gut
01.06.1987;;30;Gut
02.06.1987;;30;Gut
03.06.1987;;35;Gut
04.06.1987;;45;Gut
05.06.1987;;50;Gut
06.06.1987;;50;Gut
07.06.1987;;45;Gut
08.06.1987;;45;Gut
09.06.1987;;40;Gut
10.06.1987;;40;Gut
11.06.1987;;40;Gut
12.06.1987;;40;Gut
13.06.1987;;40;Gut
14.06.1987;;40;Gut
15.06.1987;;40;Gut
16.06.1987;;60;Gut
17.06.1987;;15;Gut
18.06.1987;;15;Gut
19.06.1987;;15;Gut
20.06.1987;;15;Gut
21.06.1987;;15;Gut
22.06.1987;;15;Gut
23.06.1987;;15;Gut
24.06.1987;;15;Gut
25.06.1987;;15;Gut
26.06.1987;;15;Gut
27.06.1987;;15;Gut
28.06.1987;;15;Gut
29.06.1987;;15;Gut
30.06.1987;;15;Gut
01.07.1987;;15;Gut
02.07.1987;;15;Gut
03.07.1987;;15;Gut
04.07.1987;;15;Gut
05.07.1987;;15;Gut
06.07.1987;;15;Gut
07.07.1987;;15;Gut
08.07.1987;;15;Gut
09.07.1987;;15;Gut
10.07.1987;;15;Gut
11.07.1987;;15;Gut
12.07.1987;;15;Gut
13.07.1987;;15;Gut
14.07.1987;;15;Gut
15.07.1987;;15;Gut
16.07.1987;;15;Gut
17.07.1987;;15;Gut
18.07.1987;;15;Gut
19.07.1987;;15;Gut
20.07.1987;;15;Gut
21.07.1987;;20;Gut
22.07.1987;;20;Gut
23.07.1987;;20;Gut
24.07.1987;;20;Gut
25.07.1987;;25;Gut
26.07.1987;;25;Gut
27.07.1987;;25;Gut
28.07.1987;;27;Gut
29.07.1987;;27;Gut
30.07.1987;;27;Gut
31.07.1987;;27;Gut
01.08.1987;;27;Gut
02.08.1987;;27;Gut
03.08.1987;;27;Gut
04.08.1987;;27;Gut
05.08.1987;;25;Gut
06.08.1987;;25;Gut
07.08.1987;;25;Gut
08.08.1987;;25;Gut
09.08.1987;;25;Gut
10.08.1987;;25;Gut
11.08.1987;;25;Gut
12.08.1987;;25;Gut
13.08.1987;;25;Gut
14.08.1987;;25;Gut
15.08.1987;;25;Gut
16.08.1987;;25;Gut
17.08.1987;;25;Gut
18.08.1987;;25;Gut
19.08.1987;;25;Gut
20.08.1987;;25;Gut
21.08.1987;;25;Gut
22.08.1987;;25;Gut
23.08.1987;;25;Gut
24.08.1987;;25;Gut
25.08.1987;;25;Gut
26.08.1987;;25;Gut
27.08.1987;;25;Gut
28.08.1987;;25;Gut
29.08.1987;;25;Gut
30.08.1987;;25;Gut
31.08.1987;;25;Gut
01.09.1987;;25;Gut
02.09.1987;;25;Gut
03.09.1987;;25;Gut
04.09.1987;;25;Gut
05.09.1987;;25;Gut
06.09.1987;;25;Gut
07.09.1987;;25;Gut
08.09.1987;;25;Gut
09.09.1987;;25;Gut
10.09.1987;;25;Gut
11.09.1987;;25;Gut
12.09.1987;;25;Gut
13.09.1987;;27;Gut
14.09.1987;;27;Gut
15.09.1987;;27;Gut
16.09.1987;;27;Gut
17.09.1987;;30;Gut
18.09.1987;;30;Gut
19.09.1987;;30;Gut
20.09.1987;;30;Gut
21.09.1987;;30;Gut
22.09.1987;;50;Gut
23.09.1987;;50;Gut
24.09.1987;;50;Gut
25.09.1987;;50;Gut
26.09.1987;;50;Gut
27.09.1987;;35;Gut
28.09.1987;;35;Gut
29.09.1987;;35;Gut
30.09.1987;;35;Gut
01.10.1987;;35;Gut
02.10.1987;;35;Gut
03.10.1987;;35;Gut
04.10.1987;;35;Gut
05.10.1987;;35;Gut
06.10.1987;;35;Gut
07.10.1987;;35;Gut
08.10.1987;;35;Gut
09.10.1987;;35;Gut
10.10.1987;;35;Gut
11.10.1987;;33;Gut
12.10.1987;;33;Gut
13.10.1987;;33;Gut
14.10.1987;;33;Gut
15.10.1987;;33;Gut
16.10.1987;;31;Gut
17.10.1987;;31;Gut
18.10.1987;;31;Gut
19.10.1987;;30;Gut
20.10.1987;;30;Gut
21.10.1987;;30;Gut
22.10.1987;;30;Gut
23.10.1987;;30;Gut
24.10.1987;;30;Gut
25.10.1987;;30;Gut
26.10.1987;;30;Gut
27.10.1987;;30;Gut
28.10.1987;;30;Gut
29.10.1987;;30;Gut
30.10.1987;;30;Gut
31.10.1987;;30;Gut
01.11.1987;;30;Gut
02.11.1987;;30;Gut
03.11.1987;;45;Gut
04.11.1987;;45;Gut
05.11.1987;;45;Gut
06.11.1987;;25;Gut
07.11.1987;;25;Gut
08.11.1987;;25;Gut
09.11.1987;;25;Gut
10.11.1987;;25;Gut
11.11.1987;;25;Gut
12.11.1987;;25;Gut
13.11.1987;;25;Gut
14.11.1987;;25;Gut
15.11.1987;;25;Gut
16.11.1987;;25;Gut
17.11.1987;;25;Gut
18.11.1987;;25;Gut
19.11.1987;;25;Gut
20.11.1987;;45;Gut
21.11.1987;;45;Gut
22.11.1987;;40;Gut
23.11.1987;;45;Gut
24.11.1987;;55;Gut
25.11.1987;;50;Gut
26.11.1987;;50;Gut
27.11.1987;;45;Gut
28.11.1987;;42;Gut
29.11.1987;;38;Gut
30.11.1987;;35;Gut
01.12.1987;;35;Gut
02.12.1987;;33;Gut
03.12.1987;;33;Gut
04.12.1987;;33;Gut
05.12.1987;;31;Gut
06.12.1987;;31;Gut
07.12.1987;;31;Gut
08.12.1987;;30;Gut
09.12.1987;;30;Gut
10.12.1987;;30;Gut
11.12.1987;;30;Gut
12.12.1987;;30;Gut
13.12.1987;;30;Gut
14.12.1987;;30;Gut
15.12.1987;;30;Gut
16.12.1987;;30;Gut
17.12.1987;;30;Gut
18.12.1987;;30;Gut
19.12.1987;;30;Gut
20.12.1987;;30;Gut
21.12.1987;;30;Gut
22.12.1987;;30;Gut
23.12.1987;;30;Gut
24.12.1987;;30;Gut
25.12.1987;;30;Gut
26.12.1987;;30;Gut
27.12.1987;;30;Gut
28.12.1987;;30;Gut
29.12.1987;;30;Gut
30.12.1987;;30;Gut
31.12.1987;;30;Gut
01.01.1988;;30;Gut
02.01.1988;;30;Gut
03.01.1988;;30;Gut
04.01.1988;;30;Gut
05.01.1988;;25;Gut
06.01.1988;;25;Gut
07.01.1988;;25;Gut
08.01.1988;;25;Gut
09.01.1988;;25;Gut
10.01.1988;;25;Gut
11.01.1988;;25;Gut
12.01.1988;;25;Gut
13.01.1988;;25;Gut
14.01.1988;;25;Gut
15.01.1988;;25;Gut
16.01.1988;;25;Gut
17.01.1988;;25;Gut
18.01.1988;;25;Gut
19.01.1988;;25;Gut
20.01.1988;;25;Gut
21.01.1988;;25;Gut
22.01.1988;;25;Gut
23.01.1988;;25;Gut
24.01.1988;;25;Gut
25.01.1988;;25;Gut
26.01.1988;;25;Gut
27.01.1988;;25;Gut
28.01.1988;;25;Gut
29.01.1988;;25;Gut
30.01.1988;;25;Gut
31.01.1988;;25;Gut
01.02.1988;;25;Gut
02.02.1988;;25;Gut
03.02.1988;;25;Gut
04.02.1988;;25;Gut
05.02.1988;;28;Gut
06.02.1988;;28;Gut
07.02.1988;;28;Gut
08.02.1988;;30;Gut
09.02.1988;;30;Gut
10.02.1988;;30;Gut
11.02.1988;;30;Gut
12.02.1988;;30;Gut
13.02.1988;;30;Gut
14.02.1988;;30;Gut
15.02.1988;;30;Gut
16.02.1988;;30;Gut
17.02.1988;;30;Gut
18.02.1988;;30;Gut
19.02.1988;;30;Gut
20.02.1988;;30;Gut
21.02.1988;;30;Gut
22.02.1988;;30;Gut
23.02.1988;;30;Gut
24.02.1988;;30;Gut
25.02.1988;;30;Gut
26.02.1988;;30;Gut
27.02.1988;;30;Gut
28.02.1988;;40;Gut
29.02.1988;;40;Gut
01.03.1988;;40;Gut
02.03.1988;;40;Gut
03.03.1988;;40;Gut
04.03.1988;;40;Gut
05.03.1988;;40;Gut
06.03.1988;;40;Gut
07.03.1988;;40;Gut
08.03.1988;;40;Gut
09.03.1988;;40;Gut
10.03.1988;;40;Gut
11.03.1988;;40;Gut
12.03.1988;;40;Gut
13.03.1988;;40;Gut
14.03.1988;;35;Gut
15.03.1988;;35;Gut
16.03.1988;;35;Gut
17.03.1988;;35;Gut
18.03.1988;;34;Gut
19.03.1988;;20;Gut
20.03.1988;;20;Gut
21.03.1988;;20;Gut
22.03.1988;;20;Gut
23.03.1988;;20;Gut
24.03.1988;;20;Gut
25.03.1988;;20;Gut
26.03.1988;;15;Gut
27.03.1988;;15;Gut
28.03.1988;;15;Gut
29.03.1988;;15;Gut
30.03.1988;;15;Gut
31.03.1988;;15;Gut
01.04.1988;;15;Gut
02.04.1988;;15;Gut
03.04.1988;;15;Gut
04.04.1988;;15;Gut
05.04.1988;;20;Gut
06.04.1988;;20;Gut
07.04.1988;;20;Gut
08.04.1988;;20;Gut
09.04.1988;;20;Gut
10.04.1988;;20;Gut
11.04.1988;;20;Gut
12.04.1988;;20;Gut
13.04.1988;;20;Gut
14.04.1988;;20;Gut
15.04.1988;;20;Gut
16.04.1988;;40;Gut
17.04.1988;;45;Gut
18.04.1988;;40;Gut
19.04.1988;;40;Gut
20.04.1988;;20;Gut
21.04.1988;;40;Gut
22.04.1988;;40;Gut
23.04.1988;;40;Gut
24.04.1988;;35;Gut
25.04.1988;;35;Gut
26.04.1988;;28;Gut
27.04.1988;;25;Gut
28.04.1988;;20;Gut
29.04.1988;;20;Gut
30.04.1988;;20;Gut
01.05.1988;;55;Gut
02.05.1988;;55;Gut
03.05.1988;;40;Gut
04.05.1988;;40;Gut
05.05.1988;;40;Gut
06.05.1988;;40;Gut
07.05.1988;;35;Gut
08.05.1988;;33;Gut
09.05.1988;;20;Gut
10.05.1988;;20;Gut
11.05.1988;;20;Gut
12.05.1988;;20;Gut
13.05.1988;;20;Gut
14.05.1988;;20;Gut
15.05.1988;;20;Gut
16.05.1988;;20;Gut
17.05.1988;;20;Gut
18.05.1988;;20;Gut
19.05.1988;;20;Gut
20.05.1988;;20;Gut
21.05.1988;;20;Gut
22.05.1988;;20;Gut
23.05.1988;;20;Gut
24.05.1988;;20;Gut
25.05.1988;;20;Gut
26.05.1988;;20;Gut
27.05.1988;;20;Gut
28.05.1988;;20;Gut
29.05.1988;;20;Gut
30.05.1988;;20;Gut
31.05.1988;;20;Gut
01.06.1988;;20;Gut
02.06.1988;;20;Gut
03.06.1988;;20;Gut
04.06.1988;;20;Gut
05.06.1988;;35;Gut
06.06.1988;;35;Gut
07.06.1988;;33;Gut
08.06.1988;;50;Gut
09.06.1988;;60;Gut
10.06.1988;;60;Gut
11.06.1988;;70;Gut
12.06.1988;;70;Gut
13.06.1988;;65;Gut
14.06.1988;;60;Gut
15.06.1988;;55;Gut
16.06.1988;;50;Gut
17.06.1988;;50;Gut
18.06.1988;;50;Gut
19.06.1988;;50;Gut
20.06.1988;;50;Gut
21.06.1988;;50;Gut
22.06.1988;;50;Gut
23.06.1988;;35;Gut
24.06.1988;;35;Gut
25.06.1988;;50;Gut
26.06.1988;;50;Gut
27.06.1988;;60;Gut
28.06.1988;;60;Gut
29.06.1988;;60;Gut
30.06.1988;;60;Gut
01.07.1988;;70;Gut
02.07.1988;;70;Gut
03.07.1988;;65;Gut
04.07.1988;;65;Gut
05.07.1988;;65;Gut
06.07.1988;;65;Gut
07.07.1988;;65;Gut
08.07.1988;;65;Gut
09.07.1988;;65;Gut
10.07.1988;;65;Gut
11.07.1988;;65;Gut
12.07.1988;;65;Gut
13.07.1988;;60;Gut
14.07.1988;;60;Gut
15.07.1988;;60;Gut
16.07.1988;;60;Gut
17.07.1988;;60;Gut
18.07.1988;;60;Gut
19.07.1988;;60;Gut
20.07.1988;;60;Gut
21.07.1988;;60;Gut
22.07.1988;;60;Gut
23.07.1988;;60;Gut
24.07.1988;;60;Gut
25.07.1988;;60;Gut
26.07.1988;;58;Gut
27.07.1988;;58;Gut
28.07.1988;;58;Gut
29.07.1988;;58;Gut
30.07.1988;;58;Gut
31.07.1988;;58;Gut
01.08.1988;;58;Gut
02.08.1988;;58;Gut
03.08.1988;;45;Gut
04.08.1988;;45;Gut
05.08.1988;;43;Gut
06.08.1988;;43;Gut
07.08.1988;;43;Gut
08.08.1988;;40;Gut
09.08.1988;;40;Gut
10.08.1988;;35;Gut
11.08.1988;;35;Gut
12.08.1988;;35;Gut
13.08.1988;;35;Gut
14.08.1988;;35;Gut
15.08.1988;;35;Gut
16.08.1988;;35;Gut
17.08.1988;;30;Gut
18.08.1988;;30;Gut
19.08.1988;;30;Gut
20.08.1988;;30;Gut
21.08.1988;;30;Gut
22.08.1988;;30;Gut
23.08.1988;;30;Gut
24.08.1988;;30;Gut
25.08.1988;;30;Gut
26.08.1988;;30;Gut
27.08.1988;;30;Gut
28.08.1988;;30;Gut
29.08.1988;;30;Gut
30.08.1988;;30;Gut
31.08.1988;;30;Gut
01.09.1988;;30;Gut
02.09.1988;;30;Gut
03.09.1988;;30;Gut
04.09.1988;;30;Gut
05.09.1988;;30;Gut
06.09.1988;;32;Gut
07.09.1988;;32;Gut
08.09.1988;;33;Gut
09.09.1988;;33;Gut
10.09.1988;;33;Gut
11.09.1988;;35;Gut
12.09.1988;;35;Gut
13.09.1988;;35;Gut
14.09.1988;;35;Gut
15.09.1988;;35;Gut
16.09.1988;;35;Gut
17.09.1988;;35;Gut
18.09.1988;;35;Gut
19.09.1988;;35;Gut
20.09.1988;;35;Gut
21.09.1988;;35;Gut
22.09.1988;;35;Gut
23.09.1988;;35;Gut
24.09.1988;;35;Gut
25.09.1988;;35;Gut
26.09.1988;;35;Gut
27.09.1988;;35;Gut
28.09.1988;;35;Gut
29.09.1988;;35;Gut
30.09.1988;;35;Gut
01.10.1988;;35;Gut
02.10.1988;;35;Gut
03.10.1988;;35;Gut
04.10.1988;;35;Gut
05.10.1988;;35;Gut
06.10.1988;;35;Gut
07.10.1988;;33;Gut
08.10.1988;;33;Gut
09.10.1988;;33;Gut
10.10.1988;;33;Gut
11.10.1988;;32;Gut
12.10.1988;;32;Gut
13.10.1988;;32;Gut
14.10.1988;;30;Gut
15.10.1988;;30;Gut
16.10.1988;;30;Gut
17.10.1988;;30;Gut
18.10.1988;;30;Gut
19.10.1988;;30;Gut
20.10.1988;;30;Gut
21.10.1988;;30;Gut
22.10.1988;;30;Gut
23.10.1988;;30;Gut
24.10.1988;;30;Gut
25.10.1988;;30;Gut
26.10.1988;;30;Gut
27.10.1988;;30;Gut
28.10.1988;;30;Gut
29.10.1988;;30;Gut
30.10.1988;;30;Gut
31.10.1988;;30;Gut
01.11.1988;;30;Gut
02.11.1988;;30;Gut
03.11.1988;;30;Gut
04.11.1988;;32;Gut
05.11.1988;;32;Gut
06.11.1988;;32;Gut
07.11.1988;;33;Gut
08.11.1988;;33;Gut
09.11.1988;;35;Gut
10.11.1988;;35;Gut
11.11.1988;;35;Gut
12.11.1988;;35;Gut
13.11.1988;;35;Gut
14.11.1988;;35;Gut
15.11.1988;;35;Gut
16.11.1988;;35;Gut
17.11.1988;;35;Gut
18.11.1988;;35;Gut
19.11.1988;;35;Gut
20.11.1988;;35;Gut
21.11.1988;;35;Gut
22.11.1988;;35;Gut
23.11.1988;;35;Gut
24.11.1988;;35;Gut
25.11.1988;;35;Gut
26.11.1988;;35;Gut
27.11.1988;;35;Gut
28.11.1988;;35;Gut
29.11.1988;;35;Gut
30.11.1988;;35;Gut
01.12.1988;;35;Gut
02.12.1988;;35;Gut
03.12.1988;;35;Gut
04.12.1988;;35;Gut
05.12.1988;;35;Gut
06.12.1988;;35;Gut
07.12.1988;;35;Gut
08.12.1988;;35;Gut
09.12.1988;;35;Gut
10.12.1988;;50;Gut
11.12.1988;;50;Gut
12.12.1988;;50;Gut
13.12.1988;;50;Gut
14.12.1988;;45;Gut
15.12.1988;;40;Gut
16.12.1988;;40;Gut
17.12.1988;;40;Gut
18.12.1988;;40;Gut
19.12.1988;;45;Gut
20.12.1988;;50;Gut
21.12.1988;;90;Gut
22.12.1988;;65;Gut
23.12.1988;;55;Gut
24.12.1988;;50;Gut
25.12.1988;;45;Gut
26.12.1988;;40;Gut
27.12.1988;;40;Gut
28.12.1988;;30;Gut
29.12.1988;;30;Gut
30.12.1988;;30;Gut
31.12.1988;;30;Gut
01.01.1989;;20;Gut
02.01.1989;;20;Gut
03.01.1989;;20;Gut
04.01.1989;;25;Gut
05.01.1989;;25;Gut
06.01.1989;;25;Gut
07.01.1989;;30;Gut
08.01.1989;;30;Gut
09.01.1989;;30;Gut
10.01.1989;;30;Gut
11.01.1989;;30;Gut
12.01.1989;;30;Gut
13.01.1989;;25;Gut
14.01.1989;;25;Gut
15.01.1989;;25;Gut
16.01.1989;;25;Gut
17.01.1989;;25;Gut
18.01.1989;;25;Gut
19.01.1989;;25;Gut
20.01.1989;;25;Gut
21.01.1989;;25;Gut
22.01.1989;;25;Gut
23.01.1989;;25;Gut
24.01.1989;;25;Gut
25.01.1989;;25;Gut
26.01.1989;;25;Gut
27.01.1989;;25;Gut
28.01.1989;;25;Gut
29.01.1989;;25;Gut
30.01.1989;;25;Gut
31.01.1989;;25;Gut
01.02.1989;;25;Gut
02.02.1989;;25;Gut
03.02.1989;;25;Gut
04.02.1989;;25;Gut
05.02.1989;;20;Gut
06.02.1989;;20;Gut
07.02.1989;;20;Gut
08.02.1989;;20;Gut
09.02.1989;;20;Gut
10.02.1989;;25;Gut
11.02.1989;;25;Gut
12.02.1989;;25;Gut
13.02.1989;;25;Gut
14.02.1989;;25;Gut
15.02.1989;;25;Gut
16.02.1989;;25;Gut
17.02.1989;;25;Gut
18.02.1989;;25;Gut
19.02.1989;;30;Gut
20.02.1989;;30;Gut
21.02.1989;;30;Gut
22.02.1989;;30;Gut
23.02.1989;;30;Gut
24.02.1989;;30;Gut
25.02.1989;;30;Gut
26.02.1989;;30;Gut
27.02.1989;;30;Gut
28.02.1989;;30;Gut
01.03.1989;;30;Gut
02.03.1989;;30;Gut
03.03.1989;;30;Gut
04.03.1989;;30;Gut
05.03.1989;;30;Gut
06.03.1989;;30;Gut
07.03.1989;;30;Gut
08.03.1989;;58;Gut
09.03.1989;;60;Gut
10.03.1989;;60;Gut
11.03.1989;;60;Gut
12.03.1989;;60;Gut
13.03.1989;;60;Gut
14.03.1989;;60;Gut
15.03.1989;;60;Gut
16.03.1989;;60;Gut
17.03.1989;;60;Gut
18.03.1989;;60;Gut
19.03.1989;;60;Gut
20.03.1989;;58;Gut
21.03.1989;;58;Gut
22.03.1989;;52;Gut
23.03.1989;;52;Gut
24.03.1989;;40;Gut
25.03.1989;;40;Gut
26.03.1989;;45;Gut
27.03.1989;;45;Gut
28.03.1989;;38;Gut
29.03.1989;;38;Gut
30.03.1989;;35;Gut
31.03.1989;;35;Gut
01.04.1989;;35;Gut
02.04.1989;;35;Gut
03.04.1989;;35;Gut
04.04.1989;;35;Gut
05.04.1989;;35;Gut
06.04.1989;;35;Gut
07.04.1989;;35;Gut
08.04.1989;;35;Gut
09.04.1989;;40;Gut
10.04.1989;;45;Gut
11.04.1989;;45;Gut
12.04.1989;;45;Gut
13.04.1989;;45;Gut
14.04.1989;;48;Gut
15.04.1989;;48;Gut
16.04.1989;;48;Gut
17.04.1989;;48;Gut
18.04.1989;;48;Gut
19.04.1989;;48;Gut
20.04.1989;;55;Gut
21.04.1989;;55;Gut
22.04.1989;;55;Gut
23.04.1989;;55;Gut
24.04.1989;;85;Gut
25.04.1989;;85;Gut
26.04.1989;;78;Gut
27.04.1989;;78;Gut
28.04.1989;;75;Gut
29.04.1989;;60;Gut
30.04.1989;;60;Gut
01.05.1989;;53;Gut
02.05.1989;;53;Gut
03.05.1989;;53;Gut
04.05.1989;;50;Gut
05.05.1989;;50;Gut
06.05.1989;;50;Gut
07.05.1989;;50;Gut
08.05.1989;;48;Gut
09.05.1989;;48;Gut
10.05.1989;;48;Gut
11.05.1989;;40;Gut
12.05.1989;;40;Gut
13.05.1989;;40;Gut
14.05.1989;;40;Gut
15.05.1989;;40;Gut
16.05.1989;;40;Gut
17.05.1989;;40;Gut
18.05.1989;;40;Gut
19.05.1989;;40;Gut
20.05.1989;;40;Gut
21.05.1989;;40;Gut
22.05.1989;;40;Gut
23.05.1989;;35;Gut
24.05.1989;;35;Gut
25.05.1989;;35;Gut
26.05.1989;;35;Gut
27.05.1989;;35;Gut
28.05.1989;;35;Gut
29.05.1989;;35;Gut
30.05.1989;;35;Gut
31.05.1989;;35;Gut
01.06.1989;;35;Gut
02.06.1989;;35;Gut
03.06.1989;;35;Gut
04.06.1989;;35;Gut
05.06.1989;;35;Gut
06.06.1989;;35;Gut
07.06.1989;;35;Gut
08.06.1989;;25;Gut
09.06.1989;;25;Gut
10.06.1989;;25;Gut
11.06.1989;;25;Gut
12.06.1989;;25;Gut
13.06.1989;;25;Gut
14.06.1989;;25;Gut
15.06.1989;;25;Gut
16.06.1989;;25;Gut
17.06.1989;;25;Gut
18.06.1989;;25;Gut
19.06.1989;;25;Gut
20.06.1989;;25;Gut
21.06.1989;;25;Gut
22.06.1989;;25;Gut
23.06.1989;;25;Gut
24.06.1989;;25;Gut
25.06.1989;;25;Gut
26.06.1989;;25;Gut
27.06.1989;;25;Gut
28.06.1989;;25;Gut
29.06.1989;;25;Gut
30.06.1989;;25;Gut
01.07.1989;;25;Gut
02.07.1989;;25;Gut
03.07.1989;;25;Gut
04.07.1989;;25;Gut
05.07.1989;;25;Gut
06.07.1989;;25;Gut
07.07.1989;;25;Gut
08.07.1989;;25;Gut
09.07.1989;;25;Gut
10.07.1989;;25;Gut
11.07.1989;;25;Gut
12.07.1989;;25;Gut
13.07.1989;;25;Gut
14.07.1989;;25;Gut
15.07.1989;;25;Gut
16.07.1989;;25;Gut
17.07.1989;;25;Gut
18.07.1989;;25;Gut
19.07.1989;;25;Gut
20.07.1989;;25;Gut
21.07.1989;;25;Gut
22.07.1989;;20;Gut
23.07.1989;;20;Gut
24.07.1989;;20;Gut
25.07.1989;;20;Gut
26.07.1989;;20;Gut
27.07.1989;;15;Gut
28.07.1989;;15;Gut
29.07.1989;;20;Gut
30.07.1989;;20;Gut
31.07.1989;;20;Gut
01.08.1989;;20;Gut
02.08.1989;;20;Gut
03.08.1989;;20;Gut
04.08.1989;;20;Gut
05.08.1989;;20;Gut
06.08.1989;;20;Gut
07.08.1989;;20;Gut
08.08.1989;;20;Gut
09.08.1989;;20;Gut
10.08.1989;;20;Gut
11.08.1989;;20;Gut
12.08.1989;;20;Gut
13.08.1989;;20;Gut
14.08.1989;;20;Gut
15.08.1989;;20;Gut
16.08.1989;;20;Gut
17.08.1989;;20;Gut
18.08.1989;;20;Gut
19.08.1989;;20;Gut
20.08.1989;;20;Gut
21.08.1989;;20;Gut
22.08.1989;;20;Gut
23.08.1989;;20;Gut
24.08.1989;;20;Gut
25.08.1989;;20;Gut
26.08.1989;;20;Gut
27.08.1989;;20;Gut
28.08.1989;;20;Gut
29.08.1989;;20;Gut
30.08.1989;;20;Gut
31.08.1989;;20;Gut
01.09.1989;;20;Gut
02.09.1989;;20;Gut
03.09.1989;;20;Gut
04.09.1989;;20;Gut
05.09.1989;;20;Gut
06.09.1989;;20;Gut
07.09.1989;;20;Gut
08.09.1989;;20;Gut
09.09.1989;;20;Gut
10.09.1989;;20;Gut
11.09.1989;;20;Gut
12.09.1989;;20;Gut
13.09.1989;;20;Gut
14.09.1989;;20;Gut
15.09.1989;;20;Gut
16.09.1989;;20;Gut
17.09.1989;;20;Gut
18.09.1989;;20;Gut
19.09.1989;;20;Gut
20.09.1989;;20;Gut
21.09.1989;;20;Gut
22.09.1989;;20;Gut
23.09.1989;;20;Gut
24.09.1989;;20;Gut
25.09.1989;;20;Gut
26.09.1989;;20;Gut
27.09.1989;;20;Gut
28.09.1989;;20;Gut
29.09.1989;;20;Gut
30.09.1989;;20;Gut
01.10.1989;;20;Gut
02.10.1989;;20;Gut
03.10.1989;;20;Gut
04.10.1989;;20;Gut
05.10.1989;;20;Gut
06.10.1989;;20;Gut
07.10.1989;;20;Gut
08.10.1989;;20;Gut
09.10.1989;;20;Gut
10.10.1989;;20;Gut
11.10.1989;;20;Gut
12.10.1989;;20;Gut
13.10.1989;;20;Gut
14.10.1989;;20;Gut
15.10.1989;;20;Gut
16.10.1989;;20;Gut
17.10.1989;;20;Gut
18.10.1989;;20;Gut
19.10.1989;;20;Gut
20.10.1989;;20;Gut
21.10.1989;;20;Gut
22.10.1989;;20;Gut
23.10.1989;;20;Gut
24.10.1989;;20;Gut
25.10.1989;;20;Gut
26.10.1989;;20;Gut
27.10.1989;;20;Gut
28.10.1989;;20;Gut
29.10.1989;;20;Gut
30.10.1989;;20;Gut
31.10.1989;;20;Gut
01.11.1989;;20;Gut
02.11.1989;;20;Gut
03.11.1989;;20;Gut
04.11.1989;;20;Gut
05.11.1989;;20;Gut
06.11.1989;;50;Gut
07.11.1989;;50;Gut
08.11.1989;;50;Gut
09.11.1989;;45;Gut
10.11.1989;;45;Gut
11.11.1989;;42;Gut
12.11.1989;;42;Gut
13.11.1989;;40;Gut
14.11.1989;;40;Gut
15.11.1989;;35;Gut
16.11.1989;;35;Gut
17.11.1989;;35;Gut
18.11.1989;;35;Gut
19.11.1989;;35;Gut
20.11.1989;;35;Gut
21.11.1989;;38;Gut
22.11.1989;;38;Gut
23.11.1989;;38;Gut
24.11.1989;;38;Gut
25.11.1989;;38;Gut
26.11.1989;;38;Gut
27.11.1989;;40;Gut
28.11.1989;;40;Gut
29.11.1989;;40;Gut
30.11.1989;;40;Gut
01.12.1989;;40;Gut
02.12.1989;;40;Gut
03.12.1989;;40;Gut
04.12.1989;;40;Gut
05.12.1989;;40;Gut
06.12.1989;;40;Gut
07.12.1989;;40;Gut
08.12.1989;;40;Gut
09.12.1989;;40;Gut
10.12.1989;;40;Gut
11.12.1989;;40;Gut
12.12.1989;;40;Gut
13.12.1989;;43;Gut
14.12.1989;;45;Gut
15.12.1989;;48;Gut
16.12.1989;;50;Gut
17.12.1989;;54;Gut
18.12.1989;;60;Gut
19.12.1989;;60;Gut
20.12.1989;;53;Gut
21.12.1989;;50;Gut
22.12.1989;;50;Gut
23.12.1989;;50;Gut
24.12.1989;;53;Gut
25.12.1989;;55;Gut
26.12.1989;;55;Gut
27.12.1989;;55;Gut
28.12.1989;;55;Gut
29.12.1989;;55;Gut
30.12.1989;;53;Gut
31.12.1989;;53;Gut
01.01.1990;;48;Gut
02.01.1990;;48;Gut
03.01.1990;;48;Gut
04.01.1990;;48;Gut
05.01.1990;;49;Gut
06.01.1990;;49;Gut
07.01.1990;;50;Gut
08.01.1990;;50;Gut
09.01.1990;;50;Gut
10.01.1990;;50;Gut
11.01.1990;;60;Gut
12.01.1990;;60;Gut
13.01.1990;;50;Gut
14.01.1990;;45;Gut
15.01.1990;;45;Gut
16.01.1990;;50;Gut
17.01.1990;;50;Gut
18.01.1990;;50;Gut
19.01.1990;;50;Gut
20.01.1990;;50;Gut
21.01.1990;;52;Gut
22.01.1990;;55;Gut
23.01.1990;;58;Gut
24.01.1990;;60;Gut
25.01.1990;;60;Gut
26.01.1990;;60;Gut
27.01.1990;;60;Gut
28.01.1990;;57;Gut
29.01.1990;;55;Gut
30.01.1990;;50;Gut
31.01.1990;;50;Gut
01.02.1990;;50;Gut
02.02.1990;;50;Gut
03.02.1990;;50;Gut
04.02.1990;;50;Gut
05.02.1990;;45;Gut
06.02.1990;;45;Gut
07.02.1990;;43;Gut
08.02.1990;;43;Gut
09.02.1990;;40;Gut
10.02.1990;;40;Gut
11.02.1990;;40;Gut
12.02.1990;;40;Gut
13.02.1990;;40;Gut
14.02.1990;;40;Gut
15.02.1990;;40;Gut
16.02.1990;;40;Gut
17.02.1990;;50;Gut
18.02.1990;;50;Gut
19.02.1990;;50;Gut
20.02.1990;;48;Gut
21.02.1990;;48;Gut
22.02.1990;;48;Gut
23.02.1990;;49;Gut
24.02.1990;;55;Gut
25.02.1990;;50;Gut
26.02.1990;;50;Gut
27.02.1990;;50;Gut
28.02.1990;;50;Gut
01.03.1990;;50;Gut
02.03.1990;;50;Gut
03.03.1990;;35;Gut
04.03.1990;;35;Gut
05.03.1990;;35;Gut
06.03.1990;;35;Gut
07.03.1990;;35;Gut
08.03.1990;;30;Gut
09.03.1990;;30;Gut
10.03.1990;;30;Gut
11.03.1990;;30;Gut
12.03.1990;;30;Gut
13.03.1990;;30;Gut
14.03.1990;;28;Gut
15.03.1990;;28;Gut
16.03.1990;;28;Gut
17.03.1990;;28;Gut
18.03.1990;;28;Gut
19.03.1990;;28;Gut
20.03.1990;;25;Gut
21.03.1990;;25;Gut
22.03.1990;;25;Gut
23.03.1990;;20;Gut
24.03.1990;;20;Gut
25.03.1990;;20;Gut
26.03.1990;;20;Gut
27.03.1990;;20;Gut
28.03.1990;;20;Gut
29.03.1990;;20;Gut
30.03.1990;;20;Gut
31.03.1990;;20;Gut
01.04.1990;;20;Gut
02.04.1990;;20;Gut
03.04.1990;;45;Gut
04.04.1990;;45;Gut
05.04.1990;;45;Gut
06.04.1990;;45;Gut
07.04.1990;;45;Gut
08.04.1990;;45;Gut
09.04.1990;;45;Gut
10.04.1990;;42;Gut
11.04.1990;;42;Gut
12.04.1990;;42;Gut
13.04.1990;;42;Gut
14.04.1990;;42;Gut
15.04.1990;;40;Gut
16.04.1990;;40;Gut
17.04.1990;;40;Gut
18.04.1990;;40;Gut
19.04.1990;;40;Gut
20.04.1990;;47;Gut
21.04.1990;;47;Gut
22.04.1990;;47;Gut
23.04.1990;;47;Gut
24.04.1990;;50;Gut
25.04.1990;;50;Gut
26.04.1990;;50;Gut
27.04.1990;;50;Gut
28.04.1990;;50;Gut
29.04.1990;;50;Gut
30.04.1990;;50;Gut
01.05.1990;;50;Gut
02.05.1990;;50;Gut
03.05.1990;;50;Gut
04.05.1990;;25;Gut
05.05.1990;;25;Gut
06.05.1990;;22;Gut
07.05.1990;;22;Gut
08.05.1990;;22;Gut
09.05.1990;;20;Gut
10.05.1990;;20;Gut
11.05.1990;;20;Gut
12.05.1990;;20;Gut
13.05.1990;;20;Gut
14.05.1990;;20;Gut
15.05.1990;;20;Gut
16.05.1990;;20;Gut
17.05.1990;;20;Gut
18.05.1990;;20;Gut
19.05.1990;;20;Gut
20.05.1990;;20;Gut
21.05.1990;;20;Gut
22.05.1990;;20;Gut
23.05.1990;;20;Gut
24.05.1990;;20;Gut
25.05.1990;;20;Gut
26.05.1990;;20;Gut
27.05.1990;;20;Gut
28.05.1990;;20;Gut
29.05.1990;;20;Gut
30.05.1990;;20;Gut
31.05.1990;;20;Gut
01.06.1990;;20;Gut
02.06.1990;;20;Gut
03.06.1990;;20;Gut
04.06.1990;;20;Gut
05.06.1990;;20;Gut
06.06.1990;;20;Gut
07.06.1990;;20;Gut
08.06.1990;;20;Gut
09.06.1990;;50;Gut
10.06.1990;;55;Gut
11.06.1990;;55;Gut
12.06.1990;;53;Gut
13.06.1990;;52;Gut
14.06.1990;;50;Gut
15.06.1990;;48;Gut
16.06.1990;;48;Gut
17.06.1990;;45;Gut
18.06.1990;;43;Gut
19.06.1990;;40;Gut
20.06.1990;;40;Gut
21.06.1990;;40;Gut
22.06.1990;;40;Gut
23.06.1990;;40;Gut
24.06.1990;;40;Gut
25.06.1990;;40;Gut
26.06.1990;;40;Gut
27.06.1990;;40;Gut
28.06.1990;;40;Gut
29.06.1990;;40;Gut
30.06.1990;;40;Gut
01.07.1990;;40;Gut
02.07.1990;;40;Gut
03.07.1990;;40;Gut
04.07.1990;;40;Gut
05.07.1990;;40;Gut
06.07.1990;;40;Gut
07.07.1990;;35;Gut
08.07.1990;;35;Gut
09.07.1990;;35;Gut
10.07.1990;;35;Gut
11.07.1990;;35;Gut
12.07.1990;;37;Gut
13.07.1990;;37;Gut
14.07.1990;;37;Gut
15.07.1990;;37;Gut
16.07.1990;;37;Gut
17.07.1990;;37;Gut
18.07.1990;;35;Gut
19.07.1990;;30;Gut
20.07.1990;;30;Gut
21.07.1990;;30;Gut
22.07.1990;;30;Gut
23.07.1990;;30;Gut
24.07.1990;;30;Gut
25.07.1990;;30;Gut
26.07.1990;;30;Gut
27.07.1990;;30;Gut
28.07.1990;;30;Gut
29.07.1990;;30;Gut
30.07.1990;;30;Gut
31.07.1990;;30;Gut
01.08.1990;;30;Gut
02.08.1990;;30;Gut
03.08.1990;;30;Gut
04.08.1990;;28;Gut
05.08.1990;;28;Gut
06.08.1990;;25;Gut
07.08.1990;;25;Gut
08.08.1990;;23;Gut
09.08.1990;;23;Gut
10.08.1990;;20;Gut
11.08.1990;;20;Gut
12.08.1990;;20;Gut
13.08.1990;;20;Gut
14.08.1990;;20;Gut
15.08.1990;;20;Gut
16.08.1990;;20;Gut
17.08.1990;;20;Gut
18.08.1990;;20;Gut
19.08.1990;;20;Gut
20.08.1990;;20;Gut
21.08.1990;;25;Gut
22.08.1990;;25;Gut
23.08.1990;;25;Gut
24.08.1990;;30;Gut
25.08.1990;;30;Gut
26.08.1990;;30;Gut
27.08.1990;;30;Gut
28.08.1990;;30;Gut
29.08.1990;;30;Gut
30.08.1990;;30;Gut
31.08.1990;;30;Gut
01.09.1990;;35;Gut
02.09.1990;;30;Gut
03.09.1990;;30;Gut
04.09.1990;;30;Gut
05.09.1990;;30;Gut
06.09.1990;;28;Gut
07.09.1990;;27;Gut
08.09.1990;;24;Gut
09.09.1990;;20;Gut
10.09.1990;;20;Gut
11.09.1990;;20;Gut
12.09.1990;;20;Gut
13.09.1990;;20;Gut
14.09.1990;;20;Gut
15.09.1990;;20;Gut
16.09.1990;;20;Gut
17.09.1990;;20;Gut
18.09.1990;;20;Gut
19.09.1990;;20;Gut
20.09.1990;;20;Gut
21.09.1990;;20;Gut
22.09.1990;;20;Gut
23.09.1990;;20;Gut
24.09.1990;;20;Gut
25.09.1990;;20;Gut
26.09.1990;;20;Gut
27.09.1990;;20;Gut
28.09.1990;;20;Gut
29.09.1990;;20;Gut
30.09.1990;;20;Gut
01.10.1990;;20;Gut
02.10.1990;;20;Gut
03.10.1990;;20;Gut
04.10.1990;;20;Gut
05.10.1990;;20;Gut
06.10.1990;;20;Gut
07.10.1990;;20;Gut
08.10.1990;;20;Gut
09.10.1990;;20;Gut
10.10.1990;;20;Gut
11.10.1990;;20;Gut
12.10.1990;;20;Gut
13.10.1990;;20;Gut
14.10.1990;;20;Gut
15.10.1990;;20;Gut
16.10.1990;;20;Gut
17.10.1990;;20;Gut
18.10.1990;;20;Gut
19.10.1990;;20;Gut
20.10.1990;;20;Gut
21.10.1990;;20;Gut
22.10.1990;;20;Gut
23.10.1990;;20;Gut
24.10.1990;;20;Gut
25.10.1990;;20;Gut
26.10.1990;;20;Gut
27.10.1990;;20;Gut
28.10.1990;;20;Gut
29.10.1990;;20;Gut
30.10.1990;;20;Gut
31.10.1990;;20;Gut
01.11.1990;;20;Gut
02.11.1990;;20;Gut
03.11.1990;;20;Gut
04.11.1990;;20;Gut
05.11.1990;;20;Gut
06.11.1990;;20;Gut
07.11.1990;;20;Gut
08.11.1990;;20;Gut
09.11.1990;;20;Gut
10.11.1990;;20;Gut
11.11.1990;;20;Gut
12.11.1990;;20;Gut
13.11.1990;;20;Gut
14.11.1990;;20;Gut
15.11.1990;;20;Gut
16.11.1990;;22;Gut
17.11.1990;;25;Gut
18.11.1990;;25;Gut
19.11.1990;;28;Gut
20.11.1990;;30;Gut
21.11.1990;;30;Gut
22.11.1990;;35;Gut
23.11.1990;;35;Gut
24.11.1990;;35;Gut
25.11.1990;;35;Gut
26.11.1990;;35;Gut
27.11.1990;;35;Gut
28.11.1990;;35;Gut
29.11.1990;;35;Gut
30.11.1990;;35;Gut
01.12.1990;;35;Gut
02.12.1990;;35;Gut
03.12.1990;;35;Gut
04.12.1990;;35;Gut
05.12.1990;;35;Gut
06.12.1990;;35;Gut
07.12.1990;;35;Gut
08.12.1990;;35;Gut
09.12.1990;;35;Gut
10.12.1990;;35;Gut
11.12.1990;;35;Gut
12.12.1990;;35;Gut
13.12.1990;;35;Gut
14.12.1990;;35;Gut
15.12.1990;;35;Gut
16.12.1990;;35;Gut
17.12.1990;;35;Gut
18.12.1990;;35;Gut
19.12.1990;;35;Gut
20.12.1990;;35;Gut
21.12.1990;;35;Gut
22.12.1990;;35;Gut
23.12.1990;;35;Gut
24.12.1990;;35;Gut
25.12.1990;;35;Gut
26.12.1990;;35;Gut
27.12.1990;;35;Gut
28.12.1990;;35;Gut
29.12.1990;;35;Gut
30.12.1990;;35;Gut
31.12.1990;;35;Gut
01.01.1991;;35;Gut
02.01.1991;;35;Gut
03.01.1991;;35;Gut
04.01.1991;;35;Gut
05.01.1991;;35;Gut
06.01.1991;;30;Gut
07.01.1991;;30;Gut
08.01.1991;;30;Gut
09.01.1991;;30;Gut
10.01.1991;;35;Gut
11.01.1991;;35;Gut
12.01.1991;;35;Gut
13.01.1991;;35;Gut
14.01.1991;;35;Gut
15.01.1991;;30;Gut
16.01.1991;;30;Gut
17.01.1991;;30;Gut
18.01.1991;;30;Gut
19.01.1991;;30;Gut
20.01.1991;;30;Gut
21.01.1991;;30;Gut
22.01.1991;;27;Gut
23.01.1991;;25;Gut
24.01.1991;;24;Gut
25.01.1991;;24;Gut
26.01.1991;;25;Gut
27.01.1991;;25;Gut
28.01.1991;;25;Gut
29.01.1991;;25;Gut
30.01.1991;;25;Gut
31.01.1991;;25;Gut
01.02.1991;;25;Gut
02.02.1991;;25;Gut
03.02.1991;;25;Gut
04.02.1991;;23;Gut
05.02.1991;;23;Gut
06.02.1991;;22;Gut
07.02.1991;;22;Gut
08.02.1991;;20;Gut
09.02.1991;;20;Gut
10.02.1991;;20;Gut
11.02.1991;;20;Gut
12.02.1991;;20;Gut
13.02.1991;;20;Gut
14.02.1991;;20;Gut
15.02.1991;;20;Gut
16.02.1991;;20;Gut
17.02.1991;;20;Gut
18.02.1991;;20;Gut
19.02.1991;;20;Gut
20.02.1991;;20;Gut
21.02.1991;;20;Gut
22.02.1991;;20;Gut
23.02.1991;;30;Gut
24.02.1991;;30;Gut
25.02.1991;;30;Gut
26.02.1991;;30;Gut
27.02.1991;;30;Gut
28.02.1991;;30;Gut
01.03.1991;;30;Gut
02.03.1991;;30;Gut
03.03.1991;;30;Gut
04.03.1991;;30;Gut
05.03.1991;;30;Gut
06.03.1991;;30;Gut
07.03.1991;;30;Gut
08.03.1991;;30;Gut
09.03.1991;;30;Gut
10.03.1991;;30;Gut
11.03.1991;;30;Gut
12.03.1991;;30;Gut
13.03.1991;;30;Gut
14.03.1991;;30;Gut
15.03.1991;;30;Gut
16.03.1991;;30;Gut
17.03.1991;;30;Gut
18.03.1991;;30;Gut
19.03.1991;;30;Gut
20.03.1991;;30;Gut
21.03.1991;;30;Gut
22.03.1991;;30;Gut
23.03.1991;;30;Gut
24.03.1991;;30;Gut
25.03.1991;;30;Gut
26.03.1991;;30;Gut
27.03.1991;;30;Gut
28.03.1991;;30;Gut
29.03.1991;;30;Gut
30.03.1991;;30;Gut
31.03.1991;;30;Gut
01.04.1991;;30;Gut
02.04.1991;;30;Gut
03.04.1991;;30;Gut
04.04.1991;;30;Gut
05.04.1991;;30;Gut
06.04.1991;;30;Gut
07.04.1991;;30;Gut
08.04.1991;;25;Gut
09.04.1991;;25;Gut
10.04.1991;;45;Gut
11.04.1991;;43;Gut
12.04.1991;;40;Gut
13.04.1991;;35;Gut
14.04.1991;;30;Gut
15.04.1991;;20;Gut
16.04.1991;;20;Gut
17.04.1991;;20;Gut
18.04.1991;;20;Gut
19.04.1991;;20;Gut
20.04.1991;;20;Gut
21.04.1991;;20;Gut
22.04.1991;;20;Gut
23.04.1991;;20;Gut
24.04.1991;;20;Gut
25.04.1991;;20;Gut
26.04.1991;;40;Gut
27.04.1991;;40;Gut
28.04.1991;;40;Gut
29.04.1991;;40;Gut
30.04.1991;;40;Gut
01.05.1991;;40;Gut
02.05.1991;;40;Gut
03.05.1991;;40;Gut
04.05.1991;;40;Gut
05.05.1991;;40;Gut
06.05.1991;;45;Gut
07.05.1991;;48;Gut
08.05.1991;;50;Gut
09.05.1991;;50;Gut
10.05.1991;;50;Gut
11.05.1991;;50;Gut
12.05.1991;;48;Gut
13.05.1991;;48;Gut
14.05.1991;;45;Gut
15.05.1991;;45;Gut
16.05.1991;;45;Gut
17.05.1991;;43;Gut
18.05.1991;;42;Gut
19.05.1991;;40;Gut
20.05.1991;;40;Gut
21.05.1991;;38;Gut
22.05.1991;;38;Gut
23.05.1991;;38;Gut
24.05.1991;;38;Gut
25.05.1991;;38;Gut
26.05.1991;;38;Gut
27.05.1991;;38;Gut
28.05.1991;;38;Gut
29.05.1991;;35;Gut
30.05.1991;;35;Gut
31.05.1991;;35;Gut
01.06.1991;;35;Gut
02.06.1991;;35;Gut
03.06.1991;;30;Gut
04.06.1991;;30;Gut
05.06.1991;;25;Gut
06.06.1991;;25;Gut
07.06.1991;;18;Gut
08.06.1991;;18;Gut
09.06.1991;;18;Gut
10.06.1991;;18;Gut
11.06.1991;;18;Gut
12.06.1991;;18;Gut
13.06.1991;;18;Gut
14.06.1991;;18;Gut
15.06.1991;;18;Gut
16.06.1991;;20;Gut
17.06.1991;;20;Gut
18.06.1991;;22;Gut
19.06.1991;;32;Gut
20.06.1991;;35;Gut
21.06.1991;;35;Gut
22.06.1991;;35;Gut
23.06.1991;;35;Gut
24.06.1991;;35;Gut
25.06.1991;;35;Gut
26.06.1991;;35;Gut
27.06.1991;;35;Gut
28.06.1991;;35;Gut
29.06.1991;;35;Gut
30.06.1991;;35;Gut
01.07.1991;;35;Gut
02.07.1991;;35;Gut
03.07.1991;;32;Gut
04.07.1991;;32;Gut
05.07.1991;;30;Gut
06.07.1991;;27;Gut
07.07.1991;;23;Gut
08.07.1991;;20;Gut
09.07.1991;;20;Gut
10.07.1991;;20;Gut
11.07.1991;;15;Gut
12.07.1991;;15;Gut
13.07.1991;;15;Gut
14.07.1991;;15;Gut
15.07.1991;;15;Gut
16.07.1991;;15;Gut
17.07.1991;;15;Gut
18.07.1991;;15;Gut
19.07.1991;;15;Gut
20.07.1991;;15;Gut
21.07.1991;;15;Gut
22.07.1991;;15;Gut
23.07.1991;;15;Gut
24.07.1991;;15;Gut
25.07.1991;;15;Gut
26.07.1991;;15;Gut
27.07.1991;;15;Gut
28.07.1991;;15;Gut
29.07.1991;;15;Gut
30.07.1991;;15;Gut
31.07.1991;;15;Gut
01.08.1991;;15;Gut
02.08.1991;;15;Gut
03.08.1991;;15;Gut
04.08.1991;;15;Gut
05.08.1991;;15;Gut
06.08.1991;;15;Gut
07.08.1991;;15;Gut
08.08.1991;;15;Gut
09.08.1991;;15;Gut
10.08.1991;;15;Gut
11.08.1991;;15;Gut
12.08.1991;;15;Gut
13.08.1991;;17;Gut
14.08.1991;;17;Gut
15.08.1991;;17;Gut
16.08.1991;;17;Gut
17.08.1991;;20;Gut
18.08.1991;;20;Gut
19.08.1991;;20;Gut
20.08.1991;;20;Gut
21.08.1991;;20;Gut
22.08.1991;;20;Gut
23.08.1991;;20;Gut
24.08.1991;;20;Gut
25.08.1991;;20;Gut
26.08.1991;;20;Gut
27.08.1991;;20;Gut
28.08.1991;;20;Gut
29.08.1991;;20;Gut
30.08.1991;;20;Gut
31.08.1991;;20;Gut
01.09.1991;;20;Gut
02.09.1991;;20;Gut
03.09.1991;;20;Gut
04.09.1991;;20;Gut
05.09.1991;;20;Gut
06.09.1991;;20;Gut
07.09.1991;;20;Gut
08.09.1991;;20;Gut
09.09.1991;;20;Gut
10.09.1991;;20;Gut
11.09.1991;;20;Gut
12.09.1991;;20;Gut
13.09.1991;;20;Gut
14.09.1991;;20;Gut
15.09.1991;;20;Gut
16.09.1991;;20;Gut
17.09.1991;;20;Gut
18.09.1991;;20;Gut
19.09.1991;;20;Gut
20.09.1991;;20;Gut
21.09.1991;;20;Gut
22.09.1991;;20;Gut
23.09.1991;;20;Gut
24.09.1991;;20;Gut
25.09.1991;;20;Gut
26.09.1991;;20;Gut
27.09.1991;;20;Gut
28.09.1991;;20;Gut
29.09.1991;;20;Gut
30.09.1991;;20;Gut
01.10.1991;;20;Gut
02.10.1991;;20;Gut
03.10.1991;;20;Gut
04.10.1991;;20;Gut
05.10.1991;;20;Gut
06.10.1991;;20;Gut
07.10.1991;;20;Gut
08.10.1991;;20;Gut
09.10.1991;;20;Gut
10.10.1991;;20;Gut
11.10.1991;;20;Gut
12.10.1991;;20;Gut
13.10.1991;;20;Gut
14.10.1991;;20;Gut
15.10.1991;;20;Gut
16.10.1991;;20;Gut
17.10.1991;;20;Gut
18.10.1991;;20;Gut
19.10.1991;;20;Gut
20.10.1991;;20;Gut
21.10.1991;;20;Gut
22.10.1991;;20;Gut
23.10.1991;;20;Gut
24.10.1991;;20;Gut
25.10.1991;;20;Gut
26.10.1991;;20;Gut
27.10.1991;;20;Gut
28.10.1991;;20;Gut
29.10.1991;;20;Gut
30.10.1991;;20;Gut
31.10.1991;;20;Gut
01.11.1991;;20;Gut
02.11.1991;;20;Gut
03.11.1991;;20;Gut
04.11.1991;;28;Gut
05.11.1991;;30;Gut
06.11.1991;;30;Gut
07.11.1991;;30;Gut
08.11.1991;;30;Gut
09.11.1991;;30;Gut
10.11.1991;;30;Gut
11.11.1991;;30;Gut
12.11.1991;;30;Gut
13.11.1991;;30;Gut
14.11.1991;;28;Gut
15.11.1991;;28;Gut
16.11.1991;;28;Gut
17.11.1991;;25;Gut
18.11.1991;;25;Gut
19.11.1991;;25;Gut
20.11.1991;;25;Gut
21.11.1991;;27;Gut
22.11.1991;;27;Gut
23.11.1991;;25;Gut
24.11.1991;;25;Gut
25.11.1991;;25;Gut
26.11.1991;;25;Gut
27.11.1991;;25;Gut
28.11.1991;;25;Gut
29.11.1991;;25;Gut
30.11.1991;;25;Gut
01.12.1991;;25;Gut
02.12.1991;;25;Gut
03.12.1991;;27;Gut
04.12.1991;;27;Gut
05.12.1991;;30;Gut
06.12.1991;;30;Gut
07.12.1991;;30;Gut
08.12.1991;;30;Gut
09.12.1991;;30;Gut
10.12.1991;;30;Gut
11.12.1991;;30;Gut
12.12.1991;;30;Gut
13.12.1991;;30;Gut
14.12.1991;;30;Gut
15.12.1991;;30;Gut
16.12.1991;;30;Gut
17.12.1991;;30;Gut
18.12.1991;;30;Gut
19.12.1991;;30;Gut
20.12.1991;;50;Gut
21.12.1991;;50;Gut
22.12.1991;;50;Gut
23.12.1991;;50;Gut
24.12.1991;;50;Gut
25.12.1991;;50;Gut
26.12.1991;;50;Gut
27.12.1991;;50;Gut
28.12.1991;;50;Gut
29.12.1991;;50;Gut
30.12.1991;;50;Gut
31.12.1991;;46;Gut
01.01.1992;;46;Gut
02.01.1992;;46;Gut
03.01.1992;;44;Gut
04.01.1992;;44;Gut
05.01.1992;;40;Gut
06.01.1992;;45;Gut
07.01.1992;;48;Gut
08.01.1992;;48;Gut
09.01.1992;;48;Gut
10.01.1992;;48;Gut
11.01.1992;;46;Gut
12.01.1992;;46;Gut
13.01.1992;;46;Gut
14.01.1992;;46;Gut
15.01.1992;;46;Gut
16.01.1992;;46;Gut
17.01.1992;;45;Gut
18.01.1992;;45;Gut
19.01.1992;;48;Gut
20.01.1992;;55;Gut
21.01.1992;;50;Gut
22.01.1992;;45;Gut
23.01.1992;;40;Gut
24.01.1992;;40;Gut
25.01.1992;;40;Gut
26.01.1992;;40;Gut
27.01.1992;;42;Gut
28.01.1992;;42;Gut
29.01.1992;;42;Gut
30.01.1992;;45;Gut
31.01.1992;;45;Gut
01.02.1992;;45;Gut
02.02.1992;;50;Gut
03.02.1992;;50;Gut
04.02.1992;;58;Gut
05.02.1992;;58;Gut
06.02.1992;;60;Gut
07.02.1992;;60;Gut
08.02.1992;;60;Gut
09.02.1992;;60;Gut
10.02.1992;;58;Gut
11.02.1992;;58;Gut
12.02.1992;;60;Gut
13.02.1992;;56;Gut
14.02.1992;;56;Gut
15.02.1992;;56;Gut
16.02.1992;;60;Gut
17.02.1992;;60;Gut
18.02.1992;;58;Gut
19.02.1992;;59;Gut
20.02.1992;;59;Gut
21.02.1992;;60;Gut
22.02.1992;;60;Gut
23.02.1992;;62;Gut
24.02.1992;;62;Gut
25.02.1992;;62;Gut
26.02.1992;;60;Gut
27.02.1992;;60;Gut
28.02.1992;;56;Gut
29.02.1992;;56;Gut
01.03.1992;;56;Gut
02.03.1992;;56;Gut
03.03.1992;;56;Gut
04.03.1992;;56;Gut
05.03.1992;;56;Gut
06.03.1992;;55;Gut
07.03.1992;;46;Gut
08.03.1992;;46;Gut
09.03.1992;;20;Gut
10.03.1992;;20;Gut
11.03.1992;;20;Gut
12.03.1992;;33;Gut
13.03.1992;;45;Gut
14.03.1992;;50;Gut
15.03.1992;;48;Gut
16.03.1992;;45;Gut
17.03.1992;;42;Gut
18.03.1992;;40;Gut
19.03.1992;;40;Gut
20.03.1992;;40;Gut
21.03.1992;;53;Gut
22.03.1992;;70;Gut
23.03.1992;;65;Gut
24.03.1992;;60;Gut
25.03.1992;;60;Gut
26.03.1992;;65;Gut
27.03.1992;;65;Gut
28.03.1992;;67;Gut
29.03.1992;;70;Gut
30.03.1992;;70;Gut
31.03.1992;;70;Gut
01.04.1992;;68;Gut
02.04.1992;;64;Gut
03.04.1992;;65;Gut
04.04.1992;;60;Gut
05.04.1992;;56;Gut
06.04.1992;;55;Gut
07.04.1992;;45;Gut
08.04.1992;;45;Gut
09.04.1992;;50;Gut
10.04.1992;;45;Gut
11.04.1992;;45;Gut
12.04.1992;;45;Gut
13.04.1992;;45;Gut
14.04.1992;;45;Gut
15.04.1992;;40;Gut
16.04.1992;;40;Gut
17.04.1992;;40;Gut
18.04.1992;;40;Gut
19.04.1992;;35;Gut
20.04.1992;;32;Gut
21.04.1992;;32;Gut
22.04.1992;;35;Gut
23.04.1992;;35;Gut
24.04.1992;;35;Gut
25.04.1992;;35;Gut
26.04.1992;;32;Gut
27.04.1992;;32;Gut
28.04.1992;;25;Gut
29.04.1992;;25;Gut
30.04.1992;;25;Gut
01.05.1992;;25;Gut
02.05.1992;;20;Gut
03.05.1992;;20;Gut
04.05.1992;;20;Gut
05.05.1992;;20;Gut
06.05.1992;;20;Gut
07.05.1992;;20;Gut
08.05.1992;;20;Gut
09.05.1992;;20;Gut
10.05.1992;;35;Gut
11.05.1992;;35;Gut
12.05.1992;;35;Gut
13.05.1992;;35;Gut
14.05.1992;;35;Gut
15.05.1992;;35;Gut
16.05.1992;;35;Gut
17.05.1992;;30;Gut
18.05.1992;;30;Gut
19.05.1992;;30;Gut
20.05.1992;;30;Gut
21.05.1992;;28;Gut
22.05.1992;;25;Gut
23.05.1992;;25;Gut
24.05.1992;;25;Gut
25.05.1992;;20;Gut
26.05.1992;;20;Gut
27.05.1992;;20;Gut
28.05.1992;;20;Gut
29.05.1992;;20;Gut
30.05.1992;;20;Gut
31.05.1992;;20;Gut
01.06.1992;;20;Gut
02.06.1992;;20;Gut
03.06.1992;;20;Gut
04.06.1992;;20;Gut
05.06.1992;;20;Gut
06.06.1992;;20;Gut
07.06.1992;;20;Gut
08.06.1992;;20;Gut
09.06.1992;;20;Gut
10.06.1992;;20;Gut
11.06.1992;;20;Gut
12.06.1992;;20;Gut
13.06.1992;;20;Gut
14.06.1992;;20;Gut
15.06.1992;;20;Gut
16.06.1992;;20;Gut
17.06.1992;;20;Gut
18.06.1992;;20;Gut
19.06.1992;;20;Gut
20.06.1992;;20;Gut
21.06.1992;;20;Gut
22.06.1992;;20;Gut
23.06.1992;;20;Gut
24.06.1992;;20;Gut
25.06.1992;;20;Gut
26.06.1992;;20;Gut
27.06.1992;;20;Gut
28.06.1992;;20;Gut
29.06.1992;;20;Gut
30.06.1992;;20;Gut
01.07.1992;;20;Gut
02.07.1992;;20;Gut
03.07.1992;;0;Gut
04.07.1992;;0;Gut
05.07.1992;;0;Gut
06.07.1992;;0;Gut
07.07.1992;;0;Gut
08.07.1992;;0;Gut
09.07.1992;;0;Gut
10.07.1992;;0;Gut
11.07.1992;;0;Gut
12.07.1992;;0;Gut
13.07.1992;;0;Gut
14.07.1992;;0;Gut
15.07.1992;;0;Gut
16.07.1992;;15;Gut
17.07.1992;;20;Gut
18.07.1992;;25;Gut
19.07.1992;;25;Gut
20.07.1992;;25;Gut
21.07.1992;;23;Gut
22.07.1992;;23;Gut
23.07.1992;;23;Gut
24.07.1992;;23;Gut
25.07.1992;;23;Gut
26.07.1992;;23;Gut
27.07.1992;;20;Gut
28.07.1992;;20;Gut
29.07.1992;;20;Gut
30.07.1992;;20;Gut
31.07.1992;;20;Gut
01.08.1992;;20;Gut
02.08.1992;;20;Gut
03.08.1992;;0;Gut
04.08.1992;;0;Gut
05.08.1992;;0;Gut
06.08.1992;;0;Gut
07.08.1992;;0;Gut
08.08.1992;;0;Gut
09.08.1992;;0;Gut
10.08.1992;;0;Gut
11.08.1992;;0;Gut
12.08.1992;;0;Gut
13.08.1992;;0;Gut
14.08.1992;;0;Gut
15.08.1992;;20;Gut
16.08.1992;;20;Gut
17.08.1992;;25;Gut
18.08.1992;;25;Gut
19.08.1992;;25;Gut
20.08.1992;;30;Gut
21.08.1992;;30;Gut
22.08.1992;;30;Gut
23.08.1992;;30;Gut
24.08.1992;;30;Gut
25.08.1992;;35;Gut
26.08.1992;;35;Gut
27.08.1992;;35;Gut
28.08.1992;;35;Gut
29.08.1992;;35;Gut
30.08.1992;;35;Gut
31.08.1992;;35;Gut
01.09.1992;;40;Gut
02.09.1992;;40;Gut
03.09.1992;;40;Gut
04.09.1992;;42;Gut
05.09.1992;;42;Gut
06.09.1992;;42;Gut
07.09.1992;;40;Gut
08.09.1992;;40;Gut
09.09.1992;;40;Gut
10.09.1992;;38;Gut
11.09.1992;;38;Gut
12.09.1992;;37;Gut
13.09.1992;;36;Gut
14.09.1992;;32;Gut
15.09.1992;;31;Gut
16.09.1992;;31;Gut
17.09.1992;;32;Gut
18.09.1992;;32;Gut
19.09.1992;;32;Gut
20.09.1992;;32;Gut
21.09.1992;;32;Gut
22.09.1992;;32;Gut
23.09.1992;;32;Gut
24.09.1992;;32;Gut
25.09.1992;;32;Gut
26.09.1992;;32;Gut
27.09.1992;;32;Gut
28.09.1992;;32;Gut
29.09.1992;;32;Gut
30.09.1992;;32;Gut
01.10.1992;;32;Gut
02.10.1992;;32;Gut
03.10.1992;;32;Gut
04.10.1992;;32;Gut
05.10.1992;;32;Gut
06.10.1992;;32;Gut
07.10.1992;;32;Gut
08.10.1992;;35;Gut
09.10.1992;;35;Gut
10.10.1992;;35;Gut
11.10.1992;;35;Gut
12.10.1992;;35;Gut
13.10.1992;;35;Gut
14.10.1992;;35;Gut
15.10.1992;;35;Gut
16.10.1992;;35;Gut
17.10.1992;;35;Gut
18.10.1992;;35;Gut
19.10.1992;;35;Gut
20.10.1992;;35;Gut
21.10.1992;;35;Gut
22.10.1992;;35;Gut
23.10.1992;;35;Gut
24.10.1992;;35;Gut
25.10.1992;;35;Gut
26.10.1992;;35;Gut
27.10.1992;;35;Gut
28.10.1992;;35;Gut
29.10.1992;;35;Gut
30.10.1992;;40;Gut
31.10.1992;;40;Gut
01.11.1992;;40;Gut
02.11.1992;;40;Gut
03.11.1992;;40;Gut
04.11.1992;;40;Gut
05.11.1992;;40;Gut
06.11.1992;;40;Gut
07.11.1992;;40;Gut
08.11.1992;;36;Gut
09.11.1992;;36;Gut
10.11.1992;;30;Gut
11.11.1992;;30;Gut
12.11.1992;;30;Gut
13.11.1992;;30;Gut
14.11.1992;;30;Gut
15.11.1992;;30;Gut
16.11.1992;;30;Gut
17.11.1992;;30;Gut
18.11.1992;;30;Gut
19.11.1992;;30;Gut
20.11.1992;;30;Gut
21.11.1992;;30;Gut
22.11.1992;;30;Gut
23.11.1992;;30;Gut
24.11.1992;;30;Gut
25.11.1992;;30;Gut
26.11.1992;;30;Gut
27.11.1992;;30;Gut
28.11.1992;;30;Gut
29.11.1992;;30;Gut
30.11.1992;;30;Gut
01.12.1992;;30;Gut
02.12.1992;;30;Gut
03.12.1992;;30;Gut
04.12.1992;;30;Gut
05.12.1992;;32;Gut
06.12.1992;;32;Gut
07.12.1992;;32;Gut
08.12.1992;;32;Gut
09.12.1992;;30;Gut
10.12.1992;;30;Gut
11.12.1992;;30;Gut
12.12.1992;;30;Gut
13.12.1992;;30;Gut
14.12.1992;;30;Gut
15.12.1992;;30;Gut
16.12.1992;;30;Gut
17.12.1992;;30;Gut
18.12.1992;;38;Gut
19.12.1992;;39;Gut
20.12.1992;;39;Gut
21.12.1992;;40;Gut
22.12.1992;;40;Gut
23.12.1992;;50;Gut
24.12.1992;;45;Gut
25.12.1992;;40;Gut
26.12.1992;;35;Gut
27.12.1992;;32;Gut
28.12.1992;;32;Gut
29.12.1992;;30;Gut
30.12.1992;;30;Gut
31.12.1992;;30;Gut
01.01.1993;;30;Gut
02.01.1993;;30;Gut
03.01.1993;;30;Gut
04.01.1993;;28;Gut
05.01.1993;;28;Gut
06.01.1993;;28;Gut
07.01.1993;;28;Gut
08.01.1993;;31;Gut
09.01.1993;;35;Gut
10.01.1993;;37;Gut
11.01.1993;;40;Gut
12.01.1993;;53;Gut
13.01.1993;;70;Gut
14.01.1993;;68;Gut
15.01.1993;;65;Gut
16.01.1993;;65;Gut
17.01.1993;;65;Gut
18.01.1993;;65;Gut
19.01.1993;;65;Gut
20.01.1993;;65;Gut
21.01.1993;;65;Gut
22.01.1993;;65;Gut
23.01.1993;;65;Gut
24.01.1993;;65;Gut
25.01.1993;;65;Gut
26.01.1993;;65;Gut
27.01.1993;;67;Gut
28.01.1993;;67;Gut
29.01.1993;;65;Gut
30.01.1993;;60;Gut
31.01.1993;;60;Gut
01.02.1993;;56;Gut
02.02.1993;;55;Gut
03.02.1993;;53;Gut
04.02.1993;;52;Gut
05.02.1993;;60;Gut
06.02.1993;;60;Gut
07.02.1993;;60;Gut
08.02.1993;;63;Gut
09.02.1993;;62;Gut
10.02.1993;;64;Gut
11.02.1993;;65;Gut
12.02.1993;;62;Gut
13.02.1993;;62;Gut
14.02.1993;;60;Gut
15.02.1993;;60;Gut
16.02.1993;;60;Gut
17.02.1993;;65;Gut
18.02.1993;;68;Gut
19.02.1993;;69;Gut
20.02.1993;;69;Gut
21.02.1993;;67;Gut
22.02.1993;;67;Gut
23.02.1993;;65;Gut
24.02.1993;;65;Gut
25.02.1993;;65;Gut
26.02.1993;;60;Gut
27.02.1993;;65;Gut
28.02.1993;;65;Gut
01.03.1993;;65;Gut
02.03.1993;;66;Gut
03.03.1993;;66;Gut
04.03.1993;;64;Gut
05.03.1993;;61;Gut
06.03.1993;;61;Gut
07.03.1993;;62;Gut
08.03.1993;;62;Gut
09.03.1993;;62;Gut
10.03.1993;;62;Gut
11.03.1993;;62;Gut
12.03.1993;;63;Gut
13.03.1993;;63;Gut
14.03.1993;;64;Gut
15.03.1993;;65;Gut
16.03.1993;;65;Gut
17.03.1993;;60;Gut
18.03.1993;;60;Gut
19.03.1993;;60;Gut
20.03.1993;;59;Gut
21.03.1993;;58;Gut
22.03.1993;;57;Gut
23.03.1993;;56;Gut
24.03.1993;;53;Gut
25.03.1993;;50;Gut
26.03.1993;;55;Gut
27.03.1993;;55;Gut
28.03.1993;;55;Gut
29.03.1993;;54;Gut
30.03.1993;;50;Gut
31.03.1993;;50;Gut
01.04.1993;;50;Gut
02.04.1993;;50;Gut
03.04.1993;;48;Gut
04.04.1993;;48;Gut
05.04.1993;;62;Gut
06.04.1993;;55;Gut
07.04.1993;;55;Gut
08.04.1993;;53;Gut
09.04.1993;;52;Gut
10.04.1993;;53;Gut
11.04.1993;;55;Gut
12.04.1993;;55;Gut
13.04.1993;;53;Gut
14.04.1993;;50;Gut
15.04.1993;;40;Gut
16.04.1993;;35;Gut
17.04.1993;;35;Gut
18.04.1993;;30;Gut
19.04.1993;;26;Gut
20.04.1993;;26;Gut
21.04.1993;;26;Gut
22.04.1993;;26;Gut
23.04.1993;;26;Gut
24.04.1993;;1;Gut
25.04.1993;;1;Gut
26.04.1993;;1;Gut
27.04.1993;;1;Gut
28.04.1993;;1;Gut
29.04.1993;;1;Gut
30.04.1993;;1;Gut
01.05.1993;;25;Gut
02.05.1993;;25;Gut
03.05.1993;;26;Gut
04.05.1993;;28;Gut
05.05.1993;;28;Gut
06.05.1993;;28;Gut
07.05.1993;;28;Gut
08.05.1993;;28;Gut
09.05.1993;;28;Gut
10.05.1993;;28;Gut
11.05.1993;;28;Gut
12.05.1993;;28;Gut
13.05.1993;;28;Gut
14.05.1993;;28;Gut
15.05.1993;;28;Gut
16.05.1993;;28;Gut
17.05.1993;;25;Gut
18.05.1993;;25;Gut
19.05.1993;;23;Gut
20.05.1993;;23;Gut
21.05.1993;;23;Gut
22.05.1993;;28;Gut
23.05.1993;;30;Gut
24.05.1993;;32;Gut
25.05.1993;;32;Gut
26.05.1993;;35;Gut
27.05.1993;;38;Gut
28.05.1993;;36;Gut
29.05.1993;;35;Gut
30.05.1993;;32;Gut
31.05.1993;;32;Gut
01.06.1993;;30;Gut
02.06.1993;;30;Gut
03.06.1993;;28;Gut
04.06.1993;;28;Gut
05.06.1993;;28;Gut
06.06.1993;;28;Gut
07.06.1993;;39;Gut
08.06.1993;;39;Gut
09.06.1993;;39;Gut
10.06.1993;;39;Gut
11.06.1993;;39;Gut
12.06.1993;;39;Gut
13.06.1993;;40;Gut
14.06.1993;;44;Gut
15.06.1993;;44;Gut
16.06.1993;;44;Gut
17.06.1993;;45;Gut
18.06.1993;;47;Gut
19.06.1993;;49;Gut
20.06.1993;;49;Gut
21.06.1993;;49;Gut
22.06.1993;;49;Gut
23.06.1993;;39;Gut
24.06.1993;;39;Gut
25.06.1993;;39;Gut
26.06.1993;;35;Gut
27.06.1993;;39;Gut
28.06.1993;;39;Gut
29.06.1993;;39;Gut
30.06.1993;;40;Gut
01.07.1993;;40;Gut
02.07.1993;;42;Gut
03.07.1993;;45;Gut
04.07.1993;;45;Gut
05.07.1993;;45;Gut
06.07.1993;;45;Gut
07.07.1993;;40;Gut
08.07.1993;;40;Gut
09.07.1993;;37;Gut
10.07.1993;;35;Gut
11.07.1993;;35;Gut
12.07.1993;;35;Gut
13.07.1993;;35;Gut
14.07.1993;;37;Gut
15.07.1993;;37;Gut
16.07.1993;;39;Gut
17.07.1993;;40;Gut
18.07.1993;;40;Gut
19.07.1993;;40;Gut
20.07.1993;;40;Gut
21.07.1993;;39;Gut
22.07.1993;;39;Gut
23.07.1993;;38;Gut
24.07.1993;;40;Gut
25.07.1993;;40;Gut
26.07.1993;;40;Gut
27.07.1993;;65;Gut
28.07.1993;;45;Gut
29.07.1993;;45;Gut
30.07.1993;;42;Gut
31.07.1993;;40;Gut
01.08.1993;;40;Gut
02.08.1993;;40;Gut
03.08.1993;;40;Gut
04.08.1993;;38;Gut
05.08.1993;;38;Gut
06.08.1993;;35;Gut
07.08.1993;;35;Gut
08.08.1993;;30;Gut
09.08.1993;;35;Gut
10.08.1993;;40;Gut
11.08.1993;;42;Gut
12.08.1993;;42;Gut
13.08.1993;;42;Gut
14.08.1993;;42;Gut
15.08.1993;;30;Gut
16.08.1993;;30;Gut
17.08.1993;;30;Gut
18.08.1993;;30;Gut
19.08.1993;;30;Gut
20.08.1993;;30;Gut
21.08.1993;;30;Gut
22.08.1993;;30;Gut
23.08.1993;;30;Gut
24.08.1993;;30;Gut
25.08.1993;;30;Gut
26.08.1993;;30;Gut
27.08.1993;;30;Gut
28.08.1993;;30;Gut
29.08.1993;;30;Gut
30.08.1993;;30;Gut
31.08.1993;;30;Gut
01.09.1993;;30;Gut
02.09.1993;;30;Gut
03.09.1993;;30;Gut
04.09.1993;;30;Gut
05.09.1993;;40;Gut
06.09.1993;;45;Gut
07.09.1993;;45;Gut
08.09.1993;;45;Gut
09.09.1993;;45;Gut
10.09.1993;;47;Gut
11.09.1993;;50;Gut
12.09.1993;;50;Gut
13.09.1993;;50;Gut
14.09.1993;;56;Gut
15.09.1993;;52;Gut
16.09.1993;;50;Gut
17.09.1993;;50;Gut
18.09.1993;;50;Gut
19.09.1993;;40;Gut
20.09.1993;;40;Gut
21.09.1993;;40;Gut
22.09.1993;;40;Gut
23.09.1993;;40;Gut
24.09.1993;;40;Gut
25.09.1993;;60;Gut
26.09.1993;;52;Gut
27.09.1993;;45;Gut
28.09.1993;;40;Gut
29.09.1993;;40;Gut
30.09.1993;;40;Gut
01.10.1993;;35;Gut
02.10.1993;;35;Gut
03.10.1993;;35;Gut
04.10.1993;;35;Gut
05.10.1993;;35;Gut
06.10.1993;;35;Gut
07.10.1993;;35;Gut
08.10.1993;;37;Gut
09.10.1993;;38;Gut
10.10.1993;;38;Gut
11.10.1993;;38;Gut
12.10.1993;;38;Gut
13.10.1993;;40;Gut
14.10.1993;;50;Gut
15.10.1993;;45;Gut
16.10.1993;;45;Gut
17.10.1993;;45;Gut
18.10.1993;;45;Gut
19.10.1993;;45;Gut
20.10.1993;;45;Gut
21.10.1993;;45;Gut
22.10.1993;;43;Gut
23.10.1993;;43;Gut
24.10.1993;;43;Gut
25.10.1993;;39;Gut
26.10.1993;;39;Gut
27.10.1993;;38;Gut
28.10.1993;;1;Gut
29.10.1993;;32;Gut
30.10.1993;;35;Gut
31.10.1993;;35;Gut
01.11.1993;;35;Gut
02.11.1993;;35;Gut
03.11.1993;;35;Gut
04.11.1993;;35;Gut
05.11.1993;;35;Gut
06.11.1993;;35;Gut
07.11.1993;;38;Gut
08.11.1993;;38;Gut
09.11.1993;;38;Gut
10.11.1993;;36;Gut
11.11.1993;;35;Gut
12.11.1993;;35;Gut
13.11.1993;;35;Gut
14.11.1993;;70;Gut
15.11.1993;;65;Gut
16.11.1993;;63;Gut
17.11.1993;;62;Gut
18.11.1993;;60;Gut
19.11.1993;;60;Gut
20.11.1993;;60;Gut
21.11.1993;;58;Gut
22.11.1993;;58;Gut
23.11.1993;;58;Gut
24.11.1993;;58;Gut
25.11.1993;;56;Gut
26.11.1993;;54;Gut
27.11.1993;;52;Gut
28.11.1993;;55;Gut
29.11.1993;;56;Gut
30.11.1993;;55;Gut
01.12.1993;;46;Gut
02.12.1993;;46;Gut
03.12.1993;;64;Gut
04.12.1993;;67;Gut
05.12.1993;;72;Gut
06.12.1993;;71;Gut
07.12.1993;;49;Gut
08.12.1993;;49;Gut
09.12.1993;;49;Gut
10.12.1993;;43;Gut
11.12.1993;;55;Gut
12.12.1993;;53;Gut
13.12.1993;;52;Gut
14.12.1993;;52;Gut
15.12.1993;;45;Gut
16.12.1993;;43;Gut
17.12.1993;;38;Gut
18.12.1993;;38;Gut
19.12.1993;;38;Gut
20.12.1993;;38;Gut
21.12.1993;;40;Gut
22.12.1993;;40;Gut
23.12.1993;;40;Gut
24.12.1993;;40;Gut
25.12.1993;;40;Gut
26.12.1993;;43;Gut
27.12.1993;;42;Gut
28.12.1993;;42;Gut
29.12.1993;;41;Gut
30.12.1993;;38;Gut
31.12.1993;;39;Gut
01.01.1994;;49;Gut
02.01.1994;;47;Gut
03.01.1994;;47;Gut
04.01.1994;;32;Gut
05.01.1994;;34;Gut
06.01.1994;;35;Gut
07.01.1994;;38;Gut
08.01.1994;;58;Gut
09.01.1994;;53;Gut
10.01.1994;;53;Gut
11.01.1994;;62;Gut
12.01.1994;;63;Gut
13.01.1994;;64;Gut
14.01.1994;;64;Gut
15.01.1994;;64;Gut
16.01.1994;;60;Gut
17.01.1994;;56;Gut
18.01.1994;;54;Gut
19.01.1994;;52;Gut
20.01.1994;;44;Gut
21.01.1994;;44;Gut
22.01.1994;;44;Gut
23.01.1994;;46;Gut
24.01.1994;;48;Gut
25.01.1994;;48;Gut
26.01.1994;;50;Gut
27.01.1994;;55;Gut
28.01.1994;;65;Gut
29.01.1994;;59;Gut
30.01.1994;;58;Gut
31.01.1994;;57;Gut
01.02.1994;;56;Gut
02.02.1994;;55;Gut
03.02.1994;;55;Gut
04.02.1994;;55;Gut
05.02.1994;;55;Gut
06.02.1994;;55;Gut
07.02.1994;;52;Gut
08.02.1994;;52;Gut
09.02.1994;;50;Gut
10.02.1994;;50;Gut
11.02.1994;;49;Gut
12.02.1994;;49;Gut
13.02.1994;;50;Gut
14.02.1994;;49;Gut
15.02.1994;;48;Gut
16.02.1994;;48;Gut
17.02.1994;;48;Gut
18.02.1994;;49;Gut
19.02.1994;;47;Gut
20.02.1994;;40;Gut
21.02.1994;;42;Gut
22.02.1994;;45;Gut
23.02.1994;;46;Gut
24.02.1994;;46;Gut
25.02.1994;;45;Gut
26.02.1994;;45;Gut
27.02.1994;;43;Gut
28.02.1994;;40;Gut
01.03.1994;;38;Gut
02.03.1994;;40;Gut
03.03.1994;;43;Gut
04.03.1994;;45;Gut
05.03.1994;;45;Gut
06.03.1994;;45;Gut
07.03.1994;;45;Gut
08.03.1994;;49;Gut
09.03.1994;;51;Gut
10.03.1994;;55;Gut
11.03.1994;;60;Gut
12.03.1994;;60;Gut
13.03.1994;;50;Gut
14.03.1994;;50;Gut
15.03.1994;;55;Gut
16.03.1994;;55;Gut
17.03.1994;;65;Gut
18.03.1994;;62;Gut
19.03.1994;;62;Gut
20.03.1994;;58;Gut
21.03.1994;;62;Gut
22.03.1994;;69;Gut
23.03.1994;;70;Gut
24.03.1994;;70;Gut
25.03.1994;;68;Gut
26.03.1994;;62;Gut
27.03.1994;;65;Gut
28.03.1994;;60;Gut
29.03.1994;;60;Gut
30.03.1994;;60;Gut
31.03.1994;;60;Gut
01.04.1994;;60;Gut
02.04.1994;;58;Gut
03.04.1994;;57;Gut
04.04.1994;;55;Gut
05.04.1994;;55;Gut
06.04.1994;;50;Gut
07.04.1994;;50;Gut
08.04.1994;;50;Gut
09.04.1994;;50;Gut
10.04.1994;;50;Gut
11.04.1994;;50;Gut
12.04.1994;;66;Gut
13.04.1994;;78;Gut
14.04.1994;;78;Gut
15.04.1994;;77;Gut
16.04.1994;;76;Gut
17.04.1994;;76;Gut
18.04.1994;;65;Gut
19.04.1994;;65;Gut
20.04.1994;;64;Gut
21.04.1994;;63;Gut
22.04.1994;;36;Gut
23.04.1994;;33;Gut
24.04.1994;;33;Gut
25.04.1994;;33;Gut
26.04.1994;;33;Gut
27.04.1994;;33;Gut
28.04.1994;;33;Gut
29.04.1994;;41;Gut
30.04.1994;;35;Gut
01.05.1994;;30;Gut
02.05.1994;;30;Gut
03.05.1994;;30;Gut
04.05.1994;;30;Gut
05.05.1994;;30;Gut
06.05.1994;;30;Gut
07.05.1994;;30;Gut
08.05.1994;;30;Gut
09.05.1994;;30;Gut
10.05.1994;;30;Gut
11.05.1994;;30;Gut
12.05.1994;;32;Gut
13.05.1994;;30;Gut
14.05.1994;;30;Gut
15.05.1994;;30;Gut
16.05.1994;;30;Gut
17.05.1994;;30;Gut
18.05.1994;;30;Gut
19.05.1994;;65;Gut
20.05.1994;;68;Gut
21.05.1994;;76;Gut
22.05.1994;;70;Gut
23.05.1994;;70;Gut
24.05.1994;;72;Gut
25.05.1994;;68;Gut
26.05.1994;;70;Gut
27.05.1994;;70;Gut
28.05.1994;;70;Gut
29.05.1994;;70;Gut
30.05.1994;;66;Gut
31.05.1994;;65;Gut
01.06.1994;;60;Gut
02.06.1994;;60;Gut
03.06.1994;;65;Gut
04.06.1994;;68;Gut
05.06.1994;;68;Gut
06.06.1994;;68;Gut
07.06.1994;;68;Gut
08.06.1994;;68;Gut
09.06.1994;;75;Gut
10.06.1994;;80;Gut
11.06.1994;;68;Gut
12.06.1994;;70;Gut
13.06.1994;;73;Gut
14.06.1994;;75;Gut
15.06.1994;;78;Gut
16.06.1994;;79;Gut
17.06.1994;;75;Gut
18.06.1994;;79;Gut
19.06.1994;;79;Gut
20.06.1994;;78;Gut
21.06.1994;;75;Gut
22.06.1994;;70;Gut
23.06.1994;;65;Gut
24.06.1994;;65;Gut
25.06.1994;;63;Gut
26.06.1994;;57;Gut
27.06.1994;;51;Gut
28.06.1994;;45;Gut
29.06.1994;;39;Gut
30.06.1994;;38;Gut
01.07.1994;;35;Gut
02.07.1994;;32;Gut
03.07.1994;;30;Gut
04.07.1994;;30;Gut
05.07.1994;;30;Gut
06.07.1994;;30;Gut
07.07.1994;;32;Gut
08.07.1994;;35;Gut
09.07.1994;;38;Gut
10.07.1994;;38;Gut
11.07.1994;;37;Gut
12.07.1994;;37;Gut
13.07.1994;;35;Gut
14.07.1994;;35;Gut
15.07.1994;;35;Gut
16.07.1994;;40;Gut
17.07.1994;;49;Gut
18.07.1994;;49;Gut
19.07.1994;;49;Gut
20.07.1994;;48;Gut
21.07.1994;;45;Gut
22.07.1994;;45;Gut
23.07.1994;;43;Gut
24.07.1994;;43;Gut
25.07.1994;;43;Gut
26.07.1994;;40;Gut
27.07.1994;;38;Gut
28.07.1994;;35;Gut
29.07.1994;;35;Gut
30.07.1994;;35;Gut
31.07.1994;;33;Gut
01.08.1994;;33;Gut
02.08.1994;;30;Gut
03.08.1994;;30;Gut
04.08.1994;;30;Gut
05.08.1994;;30;Gut
06.08.1994;;30;Gut
07.08.1994;;30;Gut
08.08.1994;;30;Gut
09.08.1994;;30;Gut
10.08.1994;;30;Gut
11.08.1994;;30;Gut
12.08.1994;;45;Gut
13.08.1994;;56;Gut
14.08.1994;;58;Gut
15.08.1994;;58;Gut
16.08.1994;;55;Gut
17.08.1994;;55;Gut
18.08.1994;;55;Gut
19.08.1994;;55;Gut
20.08.1994;;55;Gut
21.08.1994;;55;Gut
22.08.1994;;53;Gut
23.08.1994;;43;Gut
24.08.1994;;43;Gut
25.08.1994;;43;Gut
26.08.1994;;43;Gut
27.08.1994;;45;Gut
28.08.1994;;45;Gut
29.08.1994;;45;Gut
30.08.1994;;45;Gut
31.08.1994;;45;Gut
01.09.1994;;44;Gut
02.09.1994;;42;Gut
03.09.1994;;42;Gut
04.09.1994;;40;Gut
05.09.1994;;40;Gut
06.09.1994;;42;Gut
07.09.1994;;45;Gut
08.09.1994;;47;Gut
09.09.1994;;55;Gut
10.09.1994;;55;Gut
11.09.1994;;53;Gut
12.09.1994;;52;Gut
13.09.1994;;50;Gut
14.09.1994;;50;Gut
15.09.1994;;50;Gut
16.09.1994;;50;Gut
17.09.1994;;50;Gut
18.09.1994;;50;Gut
19.09.1994;;52;Gut
20.09.1994;;53;Gut
21.09.1994;;70;Gut
22.09.1994;;70;Gut
23.09.1994;;70;Gut
24.09.1994;;45;Gut
25.09.1994;;43;Gut
26.09.1994;;37;Gut
27.09.1994;;30;Gut
28.09.1994;;30;Gut
29.09.1994;;30;Gut
30.09.1994;;30;Gut
01.10.1994;;30;Gut
02.10.1994;;30;Gut
03.10.1994;;30;Gut
04.10.1994;;30;Gut
05.10.1994;;30;Gut
06.10.1994;;30;Gut
07.10.1994;;30;Gut
08.10.1994;;30;Gut
09.10.1994;;30;Gut
10.10.1994;;30;Gut
11.10.1994;;30;Gut
12.10.1994;;28;Gut
13.10.1994;;28;Gut
14.10.1994;;28;Gut
15.10.1994;;28;Gut
16.10.1994;;28;Gut
17.10.1994;;28;Gut
18.10.1994;;28;Gut
19.10.1994;;28;Gut
20.10.1994;;25;Gut
21.10.1994;;25;Gut
22.10.1994;;25;Gut
23.10.1994;;25;Gut
24.10.1994;;25;Gut
25.10.1994;;25;Gut
26.10.1994;;25;Gut
27.10.1994;;25;Gut
28.10.1994;;25;Gut
29.10.1994;;25;Gut
30.10.1994;;25;Gut
31.10.1994;;25;Gut
01.11.1994;;25;Gut
02.11.1994;;25;Gut
03.11.1994;;25;Gut
04.11.1994;;25;Gut
05.11.1994;;25;Gut
06.11.1994;;25;Gut
07.11.1994;;25;Gut
08.11.1994;;25;Gut
09.11.1994;;25;Gut
10.11.1994;;25;Gut
11.11.1994;;25;Gut
12.11.1994;;23;Gut
13.11.1994;;23;Gut
14.11.1994;;26;Gut
15.11.1994;;29;Gut
16.11.1994;;31;Gut
17.11.1994;;30;Gut
18.11.1994;;30;Gut
19.11.1994;;35;Gut
20.11.1994;;35;Gut
21.11.1994;;35;Gut
22.11.1994;;35;Gut
23.11.1994;;30;Gut
24.11.1994;;30;Gut
25.11.1994;;32;Gut
26.11.1994;;32;Gut
27.11.1994;;35;Gut
28.11.1994;;35;Gut
29.11.1994;;35;Gut
30.11.1994;;35;Gut
01.12.1994;;32;Gut
02.12.1994;;30;Gut
03.12.1994;;30;Gut
04.12.1994;;30;Gut
05.12.1994;;30;Gut
06.12.1994;;30;Gut
07.12.1994;;30;Gut
08.12.1994;;30;Gut
09.12.1994;;30;Gut
10.12.1994;;48;Gut
11.12.1994;;48;Gut
12.12.1994;;45;Gut
13.12.1994;;45;Gut
14.12.1994;;45;Gut
15.12.1994;;45;Gut
16.12.1994;;45;Gut
17.12.1994;;45;Gut
18.12.1994;;43;Gut
19.12.1994;;40;Gut
20.12.1994;;40;Gut
21.12.1994;;38;Gut
22.12.1994;;35;Gut
23.12.1994;;30;Gut
24.12.1994;;30;Gut
25.12.1994;;30;Gut
26.12.1994;;30;Gut
27.12.1994;;28;Gut
28.12.1994;;28;Gut
29.12.1994;;40;Gut
30.12.1994;;40;Gut
31.12.1994;;40;Gut
01.01.1995;;40;Gut
02.01.1995;;40;Gut
03.01.1995;;40;Gut
04.01.1995;;40;Gut
05.01.1995;;40;Gut
06.01.1995;;40;Gut
07.01.1995;;40;Gut
08.01.1995;;40;Gut
09.01.1995;;40;Gut
10.01.1995;;42;Gut
11.01.1995;;45;Gut
12.01.1995;;45;Gut
13.01.1995;;45;Gut
14.01.1995;;44;Gut
15.01.1995;;44;Gut
16.01.1995;;46;Gut
17.01.1995;;47;Gut
18.01.1995;;47;Gut
19.01.1995;;45;Gut
20.01.1995;;42;Gut
21.01.1995;;45;Gut
22.01.1995;;50;Gut
23.01.1995;;45;Gut
24.01.1995;;43;Gut
25.01.1995;;42;Gut
26.01.1995;;48;Gut
27.01.1995;;48;Gut
28.01.1995;;48;Gut
29.01.1995;;50;Gut
30.01.1995;;48;Gut
31.01.1995;;48;Gut
01.02.1995;;47;Gut
02.02.1995;;45;Gut
03.02.1995;;41;Gut
04.02.1995;;41;Gut
05.02.1995;;40;Gut
06.02.1995;;38;Gut
07.02.1995;;38;Gut
08.02.1995;;45;Gut
09.02.1995;;48;Gut
10.02.1995;;38;Gut
11.02.1995;;38;Gut
12.02.1995;;41;Gut
13.02.1995;;43;Gut
14.02.1995;;43;Gut
15.02.1995;;40;Gut
16.02.1995;;38;Gut
17.02.1995;;34;Gut
18.02.1995;;32;Gut
19.02.1995;;32;Gut
20.02.1995;;33;Gut
21.02.1995;;35;Gut
22.02.1995;;35;Gut
23.02.1995;;35;Gut
24.02.1995;;35;Gut
25.02.1995;;25;Gut
26.02.1995;;27;Gut
27.02.1995;;28;Gut
28.02.1995;;30;Gut
01.03.1995;;30;Gut
02.03.1995;;30;Gut
03.03.1995;;30;Gut
04.03.1995;;30;Gut
05.03.1995;;30;Gut
06.03.1995;;30;Gut
07.03.1995;;30;Gut
08.03.1995;;30;Gut
09.03.1995;;30;Gut
10.03.1995;;30;Gut
11.03.1995;;30;Gut
12.03.1995;;30;Gut
13.03.1995;;28;Gut
14.03.1995;;28;Gut
15.03.1995;;28;Gut
16.03.1995;;25;Gut
17.03.1995;;25;Gut
18.03.1995;;25;Gut
19.03.1995;;25;Gut
20.03.1995;;30;Gut
21.03.1995;;30;Gut
22.03.1995;;30;Gut
23.03.1995;;30;Gut
24.03.1995;;30;Gut
25.03.1995;;30;Gut
26.03.1995;;30;Gut
27.03.1995;;35;Gut
28.03.1995;;35;Gut
29.03.1995;;35;Gut
30.03.1995;;35;Gut
31.03.1995;;40;Gut
01.04.1995;;40;Gut
02.04.1995;;40;Gut
03.04.1995;;40;Gut
04.04.1995;;37;Gut
05.04.1995;;37;Gut
06.04.1995;;35;Gut
07.04.1995;;32;Gut
08.04.1995;;30;Gut
09.04.1995;;30;Gut
10.04.1995;;30;Gut
11.04.1995;;30;Gut
12.04.1995;;28;Gut
13.04.1995;;25;Gut
14.04.1995;;25;Gut
15.04.1995;;25;Gut
16.04.1995;;25;Gut
17.04.1995;;25;Gut
18.04.1995;;29;Gut
19.04.1995;;35;Gut
20.04.1995;;37;Gut
21.04.1995;;48;Gut
22.04.1995;;45;Gut
23.04.1995;;45;Gut
24.04.1995;;41;Gut
25.04.1995;;38;Gut
26.04.1995;;35;Gut
27.04.1995;;30;Gut
28.04.1995;;30;Gut
29.04.1995;;28;Gut
30.04.1995;;28;Gut
01.05.1995;;28;Gut
02.05.1995;;28;Gut
03.05.1995;;34;Gut
04.05.1995;;30;Gut
05.05.1995;;30;Gut
06.05.1995;;42;Gut
07.05.1995;;42;Gut
08.05.1995;;42;Gut
09.05.1995;;35;Gut
10.05.1995;;38;Gut
11.05.1995;;42;Gut
12.05.1995;;42;Gut
13.05.1995;;42;Gut
14.05.1995;;48;Gut
15.05.1995;;50;Gut
16.05.1995;;50;Gut
17.05.1995;;50;Gut
18.05.1995;;52;Gut
19.05.1995;;52;Gut
20.05.1995;;50;Gut
21.05.1995;;52;Gut
22.05.1995;;59;Gut
23.05.1995;;58;Gut
24.05.1995;;58;Gut
25.05.1995;;56;Gut
26.05.1995;;53;Gut
27.05.1995;;55;Gut
28.05.1995;;48;Gut
29.05.1995;;46;Gut
30.05.1995;;47;Gut
31.05.1995;;50;Gut
01.06.1995;;55;Gut
02.06.1995;;70;Gut
03.06.1995;;76;Gut
04.06.1995;;80;Gut
05.06.1995;;82;Gut
06.06.1995;;82;Gut
07.06.1995;;82;Gut
08.06.1995;;84;Gut
09.06.1995;;88;Gut
10.06.1995;;89;Gut
11.06.1995;;85;Gut
12.06.1995;;89;Gut
13.06.1995;;93;Gut
14.06.1995;;93;Gut
15.06.1995;;92;Gut
16.06.1995;;92;Gut
17.06.1995;;90;Gut
18.06.1995;;90;Gut
19.06.1995;;89;Gut
20.06.1995;;82;Gut
21.06.1995;;82;Gut
22.06.1995;;80;Gut
23.06.1995;;80;Gut
24.06.1995;;78;Gut
25.06.1995;;76;Gut
26.06.1995;;80;Gut
27.06.1995;;74;Gut
28.06.1995;;70;Gut
29.06.1995;;67;Gut
30.06.1995;;65;Gut
01.07.1995;;55;Gut
02.07.1995;;55;Gut
03.07.1995;;55;Gut
04.07.1995;;43;Gut
05.07.1995;;50;Gut
06.07.1995;;47;Gut
07.07.1995;;45;Gut
08.07.1995;;42;Gut
09.07.1995;;40;Gut
10.07.1995;;40;Gut
11.07.1995;;40;Gut
12.07.1995;;40;Gut
13.07.1995;;40;Gut
14.07.1995;;40;Gut
15.07.1995;;38;Gut
16.07.1995;;38;Gut
17.07.1995;;38;Gut
18.07.1995;;38;Gut
19.07.1995;;38;Gut
20.07.1995;;38;Gut
21.07.1995;;38;Gut
22.07.1995;;38;Gut
23.07.1995;;38;Gut
24.07.1995;;35;Gut
25.07.1995;;34;Gut
26.07.1995;;34;Gut
27.07.1995;;30;Gut
28.07.1995;;30;Gut
29.07.1995;;30;Gut
30.07.1995;;30;Gut
31.07.1995;;30;Gut
01.08.1995;;30;Gut
02.08.1995;;30;Gut
03.08.1995;;30;Gut
04.08.1995;;30;Gut
05.08.1995;;32;Gut
06.08.1995;;32;Gut
07.08.1995;;32;Gut
08.08.1995;;32;Gut
09.08.1995;;32;Gut
10.08.1995;;32;Gut
11.08.1995;;32;Gut
12.08.1995;;32;Gut
13.08.1995;;32;Gut
14.08.1995;;32;Gut
15.08.1995;;15;Gut
16.08.1995;;35;Gut
17.08.1995;;35;Gut
18.08.1995;;36;Gut
19.08.1995;;36;Gut
20.08.1995;;36;Gut
21.08.1995;;34;Gut
22.08.1995;;33;Gut
23.08.1995;;33;Gut
24.08.1995;;33;Gut
25.08.1995;;33;Gut
26.08.1995;;33;Gut
27.08.1995;;33;Gut
28.08.1995;;32;Gut
29.08.1995;;32;Gut
30.08.1995;;32;Gut
31.08.1995;;32;Gut
01.09.1995;;32;Gut
02.09.1995;;34;Gut
03.09.1995;;35;Gut
04.09.1995;;36;Gut
05.09.1995;;36;Gut
06.09.1995;;36;Gut
07.09.1995;;36;Gut
08.09.1995;;36;Gut
09.09.1995;;36;Gut
10.09.1995;;36;Gut
11.09.1995;;36;Gut
12.09.1995;;36;Gut
13.09.1995;;36;Gut
14.09.1995;;36;Gut
15.09.1995;;35;Gut
16.09.1995;;35;Gut
17.09.1995;;35;Gut
18.09.1995;;35;Gut
19.09.1995;;35;Gut
20.09.1995;;37;Gut
21.09.1995;;37;Gut
22.09.1995;;37;Gut
23.09.1995;;37;Gut
24.09.1995;;37;Gut
25.09.1995;;37;Gut
26.09.1995;;37;Gut
27.09.1995;;40;Gut
28.09.1995;;40;Gut
29.09.1995;;42;Gut
30.09.1995;;40;Gut
01.10.1995;;38;Gut
02.10.1995;;38;Gut
03.10.1995;;36;Gut
04.10.1995;;36;Gut
05.10.1995;;36;Gut
06.10.1995;;36;Gut
07.10.1995;;36;Gut
08.10.1995;;36;Gut
09.10.1995;;35;Gut
10.10.1995;;35;Gut
11.10.1995;;35;Gut
12.10.1995;;35;Gut
13.10.1995;;35;Gut
14.10.1995;;36;Gut
15.10.1995;;36;Gut
16.10.1995;;36;Gut
17.10.1995;;36;Gut
18.10.1995;;37;Gut
19.10.1995;;37;Gut
20.10.1995;;37;Gut
21.10.1995;;37;Gut
22.10.1995;;37;Gut
23.10.1995;;35;Gut
24.10.1995;;33;Gut
25.10.1995;;30;Gut
26.10.1995;;30;Gut
27.10.1995;;30;Gut
28.10.1995;;30;Gut
29.10.1995;;30;Gut
30.10.1995;;33;Gut
31.10.1995;;33;Gut
01.11.1995;;34;Gut
02.11.1995;;34;Gut
03.11.1995;;34;Gut
04.11.1995;;34;Gut
05.11.1995;;34;Gut
06.11.1995;;34;Gut
07.11.1995;;34;Gut
08.11.1995;;34;Gut
09.11.1995;;34;Gut
10.11.1995;;34;Gut
11.11.1995;;34;Gut
12.11.1995;;32;Gut
13.11.1995;;36;Gut
14.11.1995;;36;Gut
15.11.1995;;36;Gut
16.11.1995;;36;Gut
17.11.1995;;38;Gut
18.11.1995;;38;Gut
19.11.1995;;38;Gut
20.11.1995;;38;Gut
21.11.1995;;38;Gut
22.11.1995;;38;Gut
23.11.1995;;38;Gut
24.11.1995;;40;Gut
25.11.1995;;42;Gut
26.11.1995;;40;Gut
27.11.1995;;40;Gut
28.11.1995;;40;Gut
29.11.1995;;40;Gut
30.11.1995;;40;Gut
01.12.1995;;40;Gut
02.12.1995;;40;Gut
03.12.1995;;40;Gut
04.12.1995;;38;Gut
05.12.1995;;38;Gut
06.12.1995;;38;Gut
07.12.1995;;35;Gut
08.12.1995;;35;Gut
09.12.1995;;34;Gut
10.12.1995;;32;Gut
11.12.1995;;35;Gut
12.12.1995;;37;Gut
13.12.1995;;40;Gut
14.12.1995;;40;Gut
15.12.1995;;38;Gut
16.12.1995;;38;Gut
17.12.1995;;36;Gut
18.12.1995;;36;Gut
19.12.1995;;36;Gut
20.12.1995;;38;Gut
21.12.1995;;37;Gut
22.12.1995;;36;Gut
23.12.1995;;38;Gut
24.12.1995;;44;Gut
25.12.1995;;46;Gut
26.12.1995;;45;Gut
27.12.1995;;48;Gut
28.12.1995;;48;Gut
29.12.1995;;45;Gut
30.12.1995;;40;Gut
31.12.1995;;39;Gut
01.01.1996;;35;Gut
02.01.1996;;32;Gut
03.01.1996;;32;Gut
04.01.1996;;28;Gut
05.01.1996;;27;Gut
06.01.1996;;26;Gut
07.01.1996;;23;Gut
08.01.1996;;25;Gut
09.01.1996;;28;Gut
10.01.1996;;26;Gut
11.01.1996;;25;Gut
12.01.1996;;25;Gut
13.01.1996;;28;Gut
14.01.1996;;26;Gut
15.01.1996;;26;Gut
16.01.1996;;28;Gut
17.01.1996;;28;Gut
18.01.1996;;26;Gut
19.01.1996;;25;Gut
20.01.1996;;25;Gut
21.01.1996;;29;Gut
22.01.1996;;23;Gut
23.01.1996;;25;Gut
24.01.1996;;25;Gut
25.01.1996;;25;Gut
26.01.1996;;24;Gut
27.01.1996;;24;Gut
28.01.1996;;25;Gut
29.01.1996;;25;Gut
30.01.1996;;25;Gut
31.01.1996;;25;Gut
01.02.1996;;25;Gut
02.02.1996;;25;Gut
03.02.1996;;25;Gut
04.02.1996;;25;Gut
05.02.1996;;25;Gut
06.02.1996;;25;Gut
07.02.1996;;25;Gut
08.02.1996;;23;Gut
09.02.1996;;23;Gut
10.02.1996;;23;Gut
11.02.1996;;23;Gut
12.02.1996;;23;Gut
13.02.1996;;23;Gut
14.02.1996;;25;Gut
15.02.1996;;25;Gut
16.02.1996;;26;Gut
17.02.1996;;26;Gut
18.02.1996;;26;Gut
19.02.1996;;30;Gut
20.02.1996;;30;Gut
21.02.1996;;30;Gut
22.02.1996;;30;Gut
23.02.1996;;30;Gut
24.02.1996;;30;Gut
25.02.1996;;30;Gut
26.02.1996;;27;Gut
27.02.1996;;26;Gut
28.02.1996;;26;Gut
29.02.1996;;26;Gut
01.03.1996;;26;Gut
02.03.1996;;25;Gut
03.03.1996;;25;Gut
04.03.1996;;25;Gut
05.03.1996;;25;Gut
06.03.1996;;25;Gut
07.03.1996;;25;Gut
08.03.1996;;25;Gut
09.03.1996;;25;Gut
10.03.1996;;25;Gut
11.03.1996;;25;Gut
12.03.1996;;25;Gut
13.03.1996;;27;Gut
14.03.1996;;27;Gut
15.03.1996;;26;Gut
16.03.1996;;26;Gut
17.03.1996;;26;Gut
18.03.1996;;26;Gut
19.03.1996;;54;Gut
20.03.1996;;55;Gut
21.03.1996;;59;Gut
22.03.1996;;54;Gut
23.03.1996;;51;Gut
24.03.1996;;45;Gut
25.03.1996;;41;Gut
26.03.1996;;40;Gut
27.03.1996;;40;Gut
28.03.1996;;40;Gut
29.03.1996;;44;Gut
30.03.1996;;43;Gut
31.03.1996;;43;Gut
01.04.1996;;44;Gut
02.04.1996;;46;Gut
03.04.1996;;44;Gut
04.04.1996;;36;Gut
05.04.1996;;36;Gut
06.04.1996;;36;Gut
07.04.1996;;34;Gut
08.04.1996;;38;Gut
09.04.1996;;26;Gut
10.04.1996;;40;Gut
11.04.1996;;40;Gut
12.04.1996;;38;Gut
13.04.1996;;60;Gut
14.04.1996;;49;Gut
15.04.1996;;49;Gut
16.04.1996;;48;Gut
17.04.1996;;42;Gut
18.04.1996;;40;Gut
19.04.1996;;35;Gut
20.04.1996;;33;Gut
21.04.1996;;33;Gut
22.04.1996;;31;Gut
23.04.1996;;31;Gut
24.04.1996;;30;Gut
25.04.1996;;30;Gut
26.04.1996;;30;Gut
27.04.1996;;30;Gut
28.04.1996;;30;Gut
29.04.1996;;30;Gut
30.04.1996;;30;Gut
01.05.1996;;30;Gut
02.05.1996;;30;Gut
03.05.1996;;30;Gut
04.05.1996;;27;Gut
05.05.1996;;27;Gut
06.05.1996;;27;Gut
07.05.1996;;27;Gut
08.05.1996;;28;Gut
09.05.1996;;32;Gut
10.05.1996;;37;Gut
11.05.1996;;35;Gut
12.05.1996;;33;Gut
13.05.1996;;32;Gut
14.05.1996;;29;Gut
15.05.1996;;29;Gut
16.05.1996;;29;Gut
17.05.1996;;29;Gut
18.05.1996;;29;Gut
19.05.1996;;29;Gut
20.05.1996;;39;Gut
21.05.1996;;40;Gut
22.05.1996;;40;Gut
23.05.1996;;46;Gut
24.05.1996;;46;Gut
25.05.1996;;45;Gut
26.05.1996;;46;Gut
27.05.1996;;48;Gut
28.05.1996;;48;Gut
29.05.1996;;48;Gut
30.05.1996;;41;Gut
31.05.1996;;41;Gut
01.06.1996;;46;Gut
02.06.1996;;41;Gut
03.06.1996;;40;Gut
04.06.1996;;42;Gut
05.06.1996;;45;Gut
06.06.1996;;45;Gut
07.06.1996;;43;Gut
08.06.1996;;42;Gut
09.06.1996;;42;Gut
10.06.1996;;32;Gut
11.06.1996;;32;Gut
12.06.1996;;35;Gut
13.06.1996;;36;Gut
14.06.1996;;36;Gut
15.06.1996;;34;Gut
16.06.1996;;32;Gut
17.06.1996;;29;Gut
18.06.1996;;29;Gut
19.06.1996;;32;Gut
20.06.1996;;32;Gut
21.06.1996;;29;Gut
22.06.1996;;32;Gut
23.06.1996;;34;Gut
24.06.1996;;34;Gut
25.06.1996;;34;Gut
26.06.1996;;34;Gut
27.06.1996;;34;Gut
28.06.1996;;34;Gut
29.06.1996;;34;Gut
30.06.1996;;36;Gut
01.07.1996;;38;Gut
02.07.1996;;46;Gut
03.07.1996;;45;Gut
04.07.1996;;46;Gut
05.07.1996;;46;Gut
06.07.1996;;56;Gut
07.07.1996;;60;Gut
08.07.1996;;56;Gut
09.07.1996;;76;Gut
10.07.1996;;72;Gut
11.07.1996;;62;Gut
12.07.1996;;62;Gut
13.07.1996;;62;Gut
14.07.1996;;62;Gut
15.07.1996;;62;Gut
16.07.1996;;53;Gut
17.07.1996;;35;Gut
18.07.1996;;35;Gut
19.07.1996;;29;Gut
20.07.1996;;28;Gut
21.07.1996;;27;Gut
22.07.1996;;27;Gut
23.07.1996;;27;Gut
24.07.1996;;27;Gut
25.07.1996;;31;Gut
26.07.1996;;30;Gut
27.07.1996;;28;Gut
28.07.1996;;28;Gut
29.07.1996;;28;Gut
30.07.1996;;27;Gut
31.07.1996;;27;Gut
01.08.1996;;27;Gut
02.08.1996;;27;Gut
03.08.1996;;27;Gut
04.08.1996;;27;Gut
05.08.1996;;27;Gut
06.08.1996;;27;Gut
07.08.1996;;27;Gut
08.08.1996;;27;Gut
09.08.1996;;27;Gut
10.08.1996;;27;Gut
11.08.1996;;27;Gut
12.08.1996;;27;Gut
13.08.1996;;28;Gut
14.08.1996;;29;Gut
15.08.1996;;29;Gut
16.08.1996;;29;Gut
17.08.1996;;29;Gut
18.08.1996;;29;Gut
19.08.1996;;29;Gut
20.08.1996;;29;Gut
21.08.1996;;32;Gut
22.08.1996;;25;Gut
23.08.1996;;25;Gut
24.08.1996;;25;Gut
25.08.1996;;25;Gut
26.08.1996;;25;Gut
27.08.1996;;25;Gut
28.08.1996;;42;Gut
29.08.1996;;35;Gut
30.08.1996;;25;Gut
31.08.1996;;25;Gut
01.09.1996;;24;Gut
02.09.1996;;24;Gut
03.09.1996;;24;Gut
04.09.1996;;24;Gut
05.09.1996;;24;Gut
06.09.1996;;25;Gut
07.09.1996;;25;Gut
08.09.1996;;25;Gut
09.09.1996;;25;Gut
10.09.1996;;25;Gut
11.09.1996;;25;Gut
12.09.1996;;25;Gut
13.09.1996;;25;Gut
14.09.1996;;27;Gut
15.09.1996;;27;Gut
16.09.1996;;27;Gut
17.09.1996;;27;Gut
18.09.1996;;27;Gut
19.09.1996;;25;Gut
20.09.1996;;25;Gut
21.09.1996;;25;Gut
22.09.1996;;26;Gut
23.09.1996;;27;Gut
24.09.1996;;28;Gut
25.09.1996;;28;Gut
26.09.1996;;32;Gut
27.09.1996;;30;Gut
28.09.1996;;45;Gut
29.09.1996;;40;Gut
30.09.1996;;45;Gut
01.10.1996;;45;Gut
02.10.1996;;45;Gut
03.10.1996;;47;Gut
04.10.1996;;45;Gut
05.10.1996;;45;Gut
06.10.1996;;45;Gut
07.10.1996;;43;Gut
08.10.1996;;48;Gut
09.10.1996;;50;Gut
10.10.1996;;50;Gut
11.10.1996;;52;Gut
12.10.1996;;50;Gut
13.10.1996;;52;Gut
14.10.1996;;52;Gut
15.10.1996;;52;Gut
16.10.1996;;54;Gut
17.10.1996;;58;Gut
18.10.1996;;57;Gut
19.10.1996;;56;Gut
20.10.1996;;55;Gut
21.10.1996;;55;Gut
22.10.1996;;45;Gut
23.10.1996;;45;Gut
24.10.1996;;45;Gut
25.10.1996;;44;Gut
26.10.1996;;44;Gut
27.10.1996;;42;Gut
28.10.1996;;48;Gut
29.10.1996;;49;Gut
30.10.1996;;49;Gut
31.10.1996;;49;Gut
01.11.1996;;49;Gut
02.11.1996;;47;Gut
03.11.1996;;46;Gut
04.11.1996;;46;Gut
05.11.1996;;45;Gut
06.11.1996;;45;Gut
07.11.1996;;46;Gut
08.11.1996;;47;Gut
09.11.1996;;46;Gut
10.11.1996;;46;Gut
11.11.1996;;46;Gut
12.11.1996;;46;Gut
13.11.1996;;46;Gut
14.11.1996;;46;Gut
15.11.1996;;46;Gut
16.11.1996;;45;Gut
17.11.1996;;45;Gut
18.11.1996;;45;Gut
19.11.1996;;45;Gut
20.11.1996;;46;Gut
21.11.1996;;48;Gut
22.11.1996;;48;Gut
23.11.1996;;48;Gut
24.11.1996;;47;Gut
25.11.1996;;46;Gut
26.11.1996;;45;Gut
27.11.1996;;45;Gut
28.11.1996;;45;Gut
29.11.1996;;45;Gut
30.11.1996;;45;Gut
01.12.1996;;50;Gut
02.12.1996;;52;Gut
03.12.1996;;54;Gut
04.12.1996;;50;Gut
05.12.1996;;50;Gut
06.12.1996;;50;Gut
07.12.1996;;49;Gut
08.12.1996;;47;Gut
09.12.1996;;45;Gut
10.12.1996;;48;Gut
11.12.1996;;48;Gut
12.12.1996;;46;Gut
13.12.1996;;48;Gut
14.12.1996;;48;Gut
15.12.1996;;48;Gut
16.12.1996;;48;Gut
17.12.1996;;48;Gut
18.12.1996;;48;Gut
19.12.1996;;48;Gut
20.12.1996;;47;Gut
21.12.1996;;45;Gut
22.12.1996;;45;Gut
23.12.1996;;42;Gut
24.12.1996;;41;Gut
25.12.1996;;40;Gut
26.12.1996;;38;Gut
27.12.1996;;38;Gut
28.12.1996;;38;Gut
29.12.1996;;36;Gut
30.12.1996;;36;Gut
31.12.1996;;36;Gut
01.01.1997;;36;Gut
02.01.1997;;36;Gut
03.01.1997;;36;Gut
04.01.1997;;38;Gut
05.01.1997;;40;Gut
06.01.1997;;40;Gut
07.01.1997;;40;Gut
08.01.1997;;40;Gut
09.01.1997;;40;Gut
10.01.1997;;40;Gut
11.01.1997;;40;Gut
12.01.1997;;40;Gut
13.01.1997;;40;Gut
14.01.1997;;40;Gut
15.01.1997;;40;Gut
16.01.1997;;40;Gut
17.01.1997;;40;Gut
18.01.1997;;40;Gut
19.01.1997;;40;Gut
20.01.1997;;40;Gut
21.01.1997;;40;Gut
22.01.1997;;40;Gut
23.01.1997;;40;Gut
24.01.1997;;40;Gut
25.01.1997;;40;Gut
26.01.1997;;40;Gut
27.01.1997;;40;Gut
28.01.1997;;40;Gut
29.01.1997;;42;Gut
30.01.1997;;42;Gut
31.01.1997;;42;Gut
01.02.1997;;42;Gut
02.02.1997;;42;Gut
03.02.1997;;42;Gut
04.02.1997;;42;Gut
05.02.1997;;42;Gut
06.02.1997;;42;Gut
07.02.1997;;40;Gut
08.02.1997;;40;Gut
09.02.1997;;42;Gut
10.02.1997;;42;Gut
11.02.1997;;45;Gut
12.02.1997;;46;Gut
13.02.1997;;50;Gut
14.02.1997;;53;Gut
15.02.1997;;53;Gut
16.02.1997;;45;Gut
17.02.1997;;42;Gut
18.02.1997;;42;Gut
19.02.1997;;45;Gut
20.02.1997;;55;Gut
21.02.1997;;41;Gut
22.02.1997;;41;Gut
23.02.1997;;44;Gut
24.02.1997;;44;Gut
25.02.1997;;44;Gut
26.02.1997;;46;Gut
27.02.1997;;40;Gut
28.02.1997;;35;Gut
01.03.1997;;30;Gut
02.03.1997;;30;Gut
03.03.1997;;30;Gut
04.03.1997;;30;Gut
05.03.1997;;32;Gut
06.03.1997;;32;Gut
07.03.1997;;32;Gut
08.03.1997;;32;Gut
09.03.1997;;32;Gut
10.03.1997;;32;Gut
11.03.1997;;32;Gut
12.03.1997;;30;Gut
13.03.1997;;30;Gut
14.03.1997;;30;Gut
15.03.1997;;30;Gut
16.03.1997;;30;Gut
17.03.1997;;30;Gut
18.03.1997;;30;Gut
19.03.1997;;30;Gut
20.03.1997;;30;Gut
21.03.1997;;30;Gut
22.03.1997;;27;Gut
23.03.1997;;27;Gut
24.03.1997;;25;Gut
25.03.1997;;25;Gut
26.03.1997;;25;Gut
27.03.1997;;27;Gut
28.03.1997;;28;Gut
29.03.1997;;28;Gut
30.03.1997;;28;Gut
31.03.1997;;28;Gut
01.04.1997;;26;Gut
02.04.1997;;25;Gut
03.04.1997;;25;Gut
04.04.1997;;25;Gut
05.04.1997;;27;Gut
06.04.1997;;30;Gut
07.04.1997;;28;Gut
08.04.1997;;28;Gut
09.04.1997;;28;Gut
10.04.1997;;28;Gut
11.04.1997;;27;Gut
12.04.1997;;27;Gut
13.04.1997;;27;Gut
14.04.1997;;27;Gut
15.04.1997;;27;Gut
16.04.1997;;26;Gut
17.04.1997;;25;Gut
18.04.1997;;25;Gut
19.04.1997;;25;Gut
20.04.1997;;25;Gut
21.04.1997;;27;Gut
22.04.1997;;32;Gut
23.04.1997;;32;Gut
24.04.1997;;30;Gut
25.04.1997;;30;Gut
26.04.1997;;30;Gut
27.04.1997;;30;Gut
28.04.1997;;30;Gut
29.04.1997;;30;Gut
30.04.1997;;30;Gut
01.05.1997;;30;Gut
02.05.1997;;35;Gut
03.05.1997;;40;Gut
04.05.1997;;40;Gut
05.05.1997;;45;Gut
06.05.1997;;47;Gut
07.05.1997;;45;Gut
08.05.1997;;43;Gut
09.05.1997;;43;Gut
10.05.1997;;43;Gut
11.05.1997;;43;Gut
12.05.1997;;49;Gut
13.05.1997;;50;Gut
14.05.1997;;50;Gut
15.05.1997;;47;Gut
16.05.1997;;45;Gut
17.05.1997;;38;Gut
18.05.1997;;36;Gut
19.05.1997;;35;Gut
20.05.1997;;35;Gut
21.05.1997;;35;Gut
22.05.1997;;40;Gut
23.05.1997;;40;Gut
24.05.1997;;40;Gut
25.05.1997;;41;Gut
26.05.1997;;41;Gut
27.05.1997;;41;Gut
28.05.1997;;42;Gut
29.05.1997;;42;Gut
30.05.1997;;42;Gut
31.05.1997;;42;Gut
01.06.1997;;42;Gut
02.06.1997;;40;Gut
03.06.1997;;38;Gut
04.06.1997;;38;Gut
05.06.1997;;35;Gut
06.06.1997;;35;Gut
07.06.1997;;34;Gut
08.06.1997;;34;Gut
09.06.1997;;34;Gut
10.06.1997;;34;Gut
11.06.1997;;34;Gut
12.06.1997;;34;Gut
13.06.1997;;34;Gut
14.06.1997;;34;Gut
15.06.1997;;38;Gut
16.06.1997;;38;Gut
17.06.1997;;36;Gut
18.06.1997;;36;Gut
19.06.1997;;35;Gut
20.06.1997;;35;Gut
21.06.1997;;35;Gut
22.06.1997;;40;Gut
23.06.1997;;40;Gut
24.06.1997;;40;Gut
25.06.1997;;40;Gut
26.06.1997;;41;Gut
27.06.1997;;41;Gut
28.06.1997;;42;Gut
29.06.1997;;42;Gut
30.06.1997;;40;Gut
01.07.1997;;40;Gut
02.07.1997;;40;Gut
03.07.1997;;39;Gut
04.07.1997;;38;Gut
05.07.1997;;40;Gut
06.07.1997;;40;Gut
07.07.1997;;40;Gut
08.07.1997;;39;Gut
09.07.1997;;38;Gut
10.07.1997;;38;Gut
11.07.1997;;37;Gut
12.07.1997;;36;Gut
13.07.1997;;36;Gut
14.07.1997;;36;Gut
15.07.1997;;36;Gut
16.07.1997;;36;Gut
17.07.1997;;36;Gut
18.07.1997;;35;Gut
19.07.1997;;35;Gut
20.07.1997;;40;Gut
21.07.1997;;53;Gut
22.07.1997;;53;Gut
23.07.1997;;53;Gut
24.07.1997;;52;Gut
25.07.1997;;50;Gut
26.07.1997;;54;Gut
27.07.1997;;52;Gut
28.07.1997;;50;Gut
29.07.1997;;46;Gut
30.07.1997;;44;Gut
31.07.1997;;42;Gut
01.08.1997;;42;Gut
02.08.1997;;42;Gut
03.08.1997;;40;Gut
04.08.1997;;40;Gut
05.08.1997;;40;Gut
06.08.1997;;40;Gut
07.08.1997;;39;Gut
08.08.1997;;39;Gut
09.08.1997;;38;Gut
10.08.1997;;38;Gut
11.08.1997;;38;Gut
12.08.1997;;38;Gut
13.08.1997;;38;Gut
14.08.1997;;36;Gut
15.08.1997;;36;Gut
16.08.1997;;36;Gut
17.08.1997;;36;Gut
18.08.1997;;36;Gut
19.08.1997;;36;Gut
20.08.1997;;34;Gut
21.08.1997;;34;Gut
22.08.1997;;34;Gut
23.08.1997;;34;Gut
24.08.1997;;34;Gut
25.08.1997;;34;Gut
26.08.1997;;33;Gut
27.08.1997;;33;Gut
28.08.1997;;33;Gut
29.08.1997;;38;Gut
30.08.1997;;38;Gut
31.08.1997;;38;Gut
01.09.1997;;38;Gut
02.09.1997;;38;Gut
03.09.1997;;38;Gut
04.09.1997;;38;Gut
05.09.1997;;38;Gut
06.09.1997;;40;Gut
07.09.1997;;38;Gut
08.09.1997;;38;Gut
09.09.1997;;38;Gut
10.09.1997;;36;Gut
11.09.1997;;36;Gut
12.09.1997;;36;Gut
13.09.1997;;38;Gut
14.09.1997;;38;Gut
15.09.1997;;37;Gut
16.09.1997;;36;Gut
17.09.1997;;36;Gut
18.09.1997;;36;Gut
19.09.1997;;36;Gut
20.09.1997;;36;Gut
21.09.1997;;36;Gut
22.09.1997;;36;Gut
23.09.1997;;36;Gut
24.09.1997;;36;Gut
25.09.1997;;36;Gut
26.09.1997;;36;Gut
27.09.1997;;36;Gut
28.09.1997;;36;Gut
29.09.1997;;36;Gut
30.09.1997;;36;Gut
01.10.1997;;36;Gut
02.10.1997;;36;Gut
03.10.1997;;36;Gut
04.10.1997;;36;Gut
05.10.1997;;36;Gut
06.10.1997;;36;Gut
07.10.1997;;36;Gut
08.10.1997;;36;Gut
09.10.1997;;36;Gut
10.10.1997;;36;Gut
11.10.1997;;40;Gut
12.10.1997;;42;Gut
13.10.1997;;42;Gut
14.10.1997;;42;Gut
15.10.1997;;42;Gut
16.10.1997;;42;Gut
17.10.1997;;42;Gut
18.10.1997;;42;Gut
19.10.1997;;42;Gut
20.10.1997;;42;Gut
21.10.1997;;41;Gut
22.10.1997;;41;Gut
23.10.1997;;41;Gut
24.10.1997;;41;Gut
25.10.1997;;43;Gut
26.10.1997;;45;Gut
27.10.1997;;45;Gut
28.10.1997;;45;Gut
29.10.1997;;45;Gut
30.10.1997;;45;Gut
31.10.1997;;45;Gut
01.11.1997;;45;Gut
02.11.1997;;46;Gut
03.11.1997;;46;Gut
04.11.1997;;46;Gut
05.11.1997;;46;Gut
06.11.1997;;46;Gut
07.11.1997;;47;Gut
08.11.1997;;47;Gut
09.11.1997;;47;Gut
10.11.1997;;49;Gut
11.11.1997;;49;Gut
12.11.1997;;49;Gut
13.11.1997;;47;Gut
14.11.1997;;47;Gut
15.11.1997;;45;Gut
16.11.1997;;45;Gut
17.11.1997;;45;Gut
18.11.1997;;43;Gut
19.11.1997;;43;Gut
20.11.1997;;45;Gut
21.11.1997;;48;Gut
22.11.1997;;50;Gut
23.11.1997;;50;Gut
24.11.1997;;50;Gut
25.11.1997;;50;Gut
26.11.1997;;50;Gut
27.11.1997;;52;Gut
28.11.1997;;52;Gut
29.11.1997;;52;Gut
30.11.1997;;52;Gut
01.12.1997;;52;Gut
02.12.1997;;52;Gut
03.12.1997;;52;Gut
04.12.1997;;55;Gut
05.12.1997;;55;Gut
06.12.1997;;55;Gut
07.12.1997;;56;Gut
08.12.1997;;58;Gut
09.12.1997;;59;Gut
10.12.1997;;59;Gut
11.12.1997;;59;Gut
12.12.1997;;55;Gut
13.12.1997;;56;Gut
14.12.1997;;56;Gut
15.12.1997;;56;Gut
16.12.1997;;55;Gut
17.12.1997;;50;Gut
18.12.1997;;50;Gut
19.12.1997;;50;Gut
20.12.1997;;50;Gut
21.12.1997;;50;Gut
22.12.1997;;52;Gut
23.12.1997;;52;Gut
24.12.1997;;53;Gut
25.12.1997;;56;Gut
26.12.1997;;58;Gut
27.12.1997;;58;Gut
28.12.1997;;56;Gut
29.12.1997;;54;Gut
30.12.1997;;53;Gut
31.12.1997;;53;Gut
01.01.1998;;53;Gut
02.01.1998;;52;Gut
03.01.1998;;52;Gut
04.01.1998;;52;Gut
05.01.1998;;52;Gut
06.01.1998;;55;Gut
07.01.1998;;55;Gut
08.01.1998;;55;Gut
09.01.1998;;55;Gut
10.01.1998;;55;Gut
11.01.1998;;55;Gut
12.01.1998;;53;Gut
13.01.1998;;52;Gut
14.01.1998;;50;Gut
15.01.1998;;50;Gut
16.01.1998;;49;Gut
17.01.1998;;49;Gut
18.01.1998;;48;Gut
19.01.1998;;48;Gut
20.01.1998;;50;Gut
21.01.1998;;50;Gut
22.01.1998;;50;Gut
23.01.1998;;50;Gut
24.01.1998;;49;Gut
25.01.1998;;42;Gut
26.01.1998;;42;Gut
27.01.1998;;40;Gut
28.01.1998;;40;Gut
29.01.1998;;40;Gut
30.01.1998;;40;Gut
31.01.1998;;43;Gut
01.02.1998;;42;Gut
02.02.1998;;40;Gut
03.02.1998;;38;Gut
04.02.1998;;38;Gut
05.02.1998;;38;Gut
06.02.1998;;38;Gut
07.02.1998;;39;Gut
08.02.1998;;40;Gut
09.02.1998;;40;Gut
10.02.1998;;40;Gut
11.02.1998;;42;Gut
12.02.1998;;42;Gut
13.02.1998;;42;Gut
14.02.1998;;40;Gut
15.02.1998;;40;Gut
16.02.1998;;40;Gut
17.02.1998;;39;Gut
18.02.1998;;39;Gut
19.02.1998;;39;Gut
20.02.1998;;39;Gut
21.02.1998;;38;Gut
22.02.1998;;38;Gut
23.02.1998;;38;Gut
24.02.1998;;38;Gut
25.02.1998;;38;Gut
26.02.1998;;39;Gut
27.02.1998;;39;Gut
28.02.1998;;35;Gut
01.03.1998;;35;Gut
02.03.1998;;35;Gut
03.03.1998;;36;Gut
04.03.1998;;40;Gut
05.03.1998;;46;Gut
06.03.1998;;46;Gut
07.03.1998;;50;Gut
08.03.1998;;52;Gut
09.03.1998;;52;Gut
10.03.1998;;52;Gut
11.03.1998;;50;Gut
12.03.1998;;50;Gut
13.03.1998;;53;Gut
14.03.1998;;49;Gut
15.03.1998;;45;Gut
16.03.1998;;45;Gut
17.03.1998;;55;Gut
18.03.1998;;51;Gut
19.03.1998;;51;Gut
20.03.1998;;52;Gut
21.03.1998;;52;Gut
22.03.1998;;52;Gut
23.03.1998;;52;Gut
24.03.1998;;55;Gut
25.03.1998;;55;Gut
26.03.1998;;53;Gut
27.03.1998;;53;Gut
28.03.1998;;52;Gut
29.03.1998;;50;Gut
30.03.1998;;49;Gut
31.03.1998;;50;Gut
01.04.1998;;50;Gut
02.04.1998;;50;Gut
03.04.1998;;56;Gut
04.04.1998;;58;Gut
05.04.1998;;58;Gut
06.04.1998;;58;Gut
07.04.1998;;60;Gut
08.04.1998;;60;Gut
09.04.1998;;60;Gut
10.04.1998;;60;Gut
11.04.1998;;60;Gut
12.04.1998;;60;Gut
13.04.1998;;60;Gut
14.04.1998;;60;Gut
15.04.1998;;60;Gut
16.04.1998;;58;Gut
17.04.1998;;58;Gut
18.04.1998;;58;Gut
19.04.1998;;58;Gut
20.04.1998;;50;Gut
21.04.1998;;48;Gut
22.04.1998;;50;Gut
23.04.1998;;50;Gut
24.04.1998;;48;Gut
25.04.1998;;48;Gut
26.04.1998;;46;Gut
27.04.1998;;48;Gut
28.04.1998;;48;Gut
29.04.1998;;48;Gut
30.04.1998;;50;Gut
01.05.1998;;50;Gut
02.05.1998;;48;Gut
03.05.1998;;40;Gut
04.05.1998;;37;Gut
05.05.1998;;37;Gut
06.05.1998;;35;Gut
07.05.1998;;37;Gut
08.05.1998;;37;Gut
09.05.1998;;37;Gut
10.05.1998;;36;Gut
11.05.1998;;36;Gut
12.05.1998;;36;Gut
13.05.1998;;36;Gut
14.05.1998;;35;Gut
15.05.1998;;35;Gut
16.05.1998;;32;Gut
17.05.1998;;32;Gut
18.05.1998;;32;Gut
19.05.1998;;32;Gut
20.05.1998;;32;Gut
21.05.1998;;32;Gut
22.05.1998;;32;Gut
23.05.1998;;32;Gut
24.05.1998;;32;Gut
25.05.1998;;32;Gut
26.05.1998;;32;Gut
27.05.1998;;32;Gut
28.05.1998;;32;Gut
29.05.1998;;32;Gut
30.05.1998;;32;Gut
31.05.1998;;36;Gut
01.06.1998;;32;Gut
02.06.1998;;30;Gut
03.06.1998;;31;Gut
04.06.1998;;32;Gut
05.06.1998;;36;Gut
06.06.1998;;40;Gut
07.06.1998;;36;Gut
08.06.1998;;42;Gut
09.06.1998;;42;Gut
10.06.1998;;49;Gut
11.06.1998;;40;Gut
12.06.1998;;40;Gut
13.06.1998;;44;Gut
14.06.1998;;42;Gut
15.06.1998;;42;Gut
16.06.1998;;42;Gut
17.06.1998;;40;Gut
18.06.1998;;40;Gut
19.06.1998;;40;Gut
20.06.1998;;39;Gut
21.06.1998;;36;Gut
22.06.1998;;38;Gut
23.06.1998;;38;Gut
24.06.1998;;40;Gut
25.06.1998;;39;Gut
26.06.1998;;39;Gut
27.06.1998;;39;Gut
28.06.1998;;40;Gut
29.06.1998;;40;Gut
30.06.1998;;38;Gut
01.07.1998;;38;Gut
02.07.1998;;38;Gut
03.07.1998;;38;Gut
04.07.1998;;38;Gut
05.07.1998;;38;Gut
06.07.1998;;40;Gut
07.07.1998;;38;Gut
08.07.1998;;36;Gut
09.07.1998;;38;Gut
10.07.1998;;39;Gut
11.07.1998;;45;Gut
12.07.1998;;45;Gut
13.07.1998;;41;Gut
14.07.1998;;40;Gut
15.07.1998;;40;Gut
16.07.1998;;38;Gut
17.07.1998;;38;Gut
18.07.1998;;38;Gut
19.07.1998;;38;Gut
20.07.1998;;38;Gut
21.07.1998;;38;Gut
22.07.1998;;40;Gut
23.07.1998;;40;Gut
24.07.1998;;36;Gut
25.07.1998;;36;Gut
26.07.1998;;36;Gut
27.07.1998;;36;Gut
28.07.1998;;48;Gut
29.07.1998;;42;Gut
30.07.1998;;42;Gut
31.07.1998;;42;Gut
01.08.1998;;40;Gut
02.08.1998;;40;Gut
03.08.1998;;40;Gut
04.08.1998;;38;Gut
05.08.1998;;36;Gut
06.08.1998;;36;Gut
07.08.1998;;36;Gut
08.08.1998;;36;Gut
09.08.1998;;36;Gut
10.08.1998;;36;Gut
11.08.1998;;33;Gut
12.08.1998;;33;Gut
13.08.1998;;33;Gut
14.08.1998;;32;Gut
15.08.1998;;32;Gut
16.08.1998;;30;Gut
17.08.1998;;30;Gut
18.08.1998;;30;Gut
19.08.1998;;30;Gut
20.08.1998;;30;Gut
21.08.1998;;30;Gut
22.08.1998;;30;Gut
23.08.1998;;32;Gut
24.08.1998;;33;Gut
25.08.1998;;30;Gut
26.08.1998;;30;Gut
27.08.1998;;30;Gut
28.08.1998;;32;Gut
29.08.1998;;32;Gut
30.08.1998;;34;Gut
31.08.1998;;35;Gut
01.09.1998;;36;Gut
02.09.1998;;36;Gut
03.09.1998;;35;Gut
04.09.1998;;35;Gut
05.09.1998;;35;Gut
06.09.1998;;35;Gut
07.09.1998;;34;Gut
08.09.1998;;34;Gut
09.09.1998;;34;Gut
10.09.1998;;34;Gut
11.09.1998;;34;Gut
12.09.1998;;35;Gut
13.09.1998;;40;Gut
14.09.1998;;38;Gut
15.09.1998;;38;Gut
16.09.1998;;40;Gut
17.09.1998;;40;Gut
18.09.1998;;40;Gut
19.09.1998;;40;Gut
20.09.1998;;38;Gut
21.09.1998;;38;Gut
22.09.1998;;46;Gut
23.09.1998;;46;Gut
24.09.1998;;42;Gut
25.09.1998;;39;Gut
26.09.1998;;39;Gut
27.09.1998;;40;Gut
28.09.1998;;40;Gut
29.09.1998;;40;Gut
30.09.1998;;38;Gut
01.10.1998;;38;Gut
02.10.1998;;40;Gut
03.10.1998;;43;Gut
04.10.1998;;43;Gut
05.10.1998;;45;Gut
06.10.1998;;42;Gut
07.10.1998;;42;Gut
08.10.1998;;46;Gut
09.10.1998;;46;Gut
10.10.1998;;46;Gut
11.10.1998;;48;Gut
12.10.1998;;48;Gut
13.10.1998;;49;Gut
14.10.1998;;49;Gut
15.10.1998;;49;Gut
16.10.1998;;50;Gut
17.10.1998;;48;Gut
18.10.1998;;48;Gut
19.10.1998;;35;Gut
20.10.1998;;35;Gut
21.10.1998;;35;Gut
22.10.1998;;35;Gut
23.10.1998;;35;Gut
24.10.1998;;35;Gut
25.10.1998;;35;Gut
26.10.1998;;38;Gut
27.10.1998;;38;Gut
28.10.1998;;54;Gut
29.10.1998;;58;Gut
30.10.1998;;60;Gut
31.10.1998;;60;Gut
01.11.1998;;60;Gut
02.11.1998;;60;Gut
03.11.1998;;50;Gut
04.11.1998;;49;Gut
05.11.1998;;45;Gut
06.11.1998;;42;Gut
07.11.1998;;40;Gut
08.11.1998;;39;Gut
09.11.1998;;39;Gut
10.11.1998;;43;Gut
11.11.1998;;45;Gut
12.11.1998;;44;Gut
13.11.1998;;42;Gut
14.11.1998;;41;Gut
15.11.1998;;40;Gut
16.11.1998;;50;Gut
17.11.1998;;49;Gut
18.11.1998;;49;Gut
19.11.1998;;49;Gut
20.11.1998;;47;Gut
21.11.1998;;45;Gut
22.11.1998;;43;Gut
23.11.1998;;43;Gut
24.11.1998;;42;Gut
25.11.1998;;40;Gut
26.11.1998;;40;Gut
27.11.1998;;40;Gut
28.11.1998;;42;Gut
29.11.1998;;43;Gut
30.11.1998;;43;Gut
01.12.1998;;43;Gut
02.12.1998;;45;Gut
03.12.1998;;45;Gut
04.12.1998;;41;Gut
05.12.1998;;42;Gut
06.12.1998;;44;Gut
07.12.1998;;44;Gut
08.12.1998;;46;Gut
09.12.1998;;45;Gut
10.12.1998;;40;Gut
11.12.1998;;38;Gut
12.12.1998;;35;Gut
13.12.1998;;44;Gut
14.12.1998;;48;Gut
15.12.1998;;50;Gut
16.12.1998;;50;Gut
17.12.1998;;50;Gut
18.12.1998;;50;Gut
19.12.1998;;50;Gut
20.12.1998;;50;Gut
21.12.1998;;48;Gut
22.12.1998;;46;Gut
23.12.1998;;45;Gut
24.12.1998;;44;Gut
25.12.1998;;44;Gut
26.12.1998;;45;Gut
27.12.1998;;47;Gut
28.12.1998;;47;Gut
29.12.1998;;45;Gut
30.12.1998;;44;Gut
31.12.1998;;44;Gut
01.01.1999;;45;Gut
02.01.1999;;45;Gut
03.01.1999;;40;Gut
04.01.1999;;40;Gut
05.01.1999;;42;Gut
06.01.1999;;40;Gut
07.01.1999;;40;Gut
08.01.1999;;42;Gut
09.01.1999;;46;Gut
10.01.1999;;46;Gut
11.01.1999;;43;Gut
12.01.1999;;43;Gut
13.01.1999;;42;Gut
14.01.1999;;40;Gut
15.01.1999;;44;Gut
16.01.1999;;46;Gut
17.01.1999;;44;Gut
18.01.1999;;44;Gut
19.01.1999;;42;Gut
20.01.1999;;42;Gut
21.01.1999;;39;Gut
22.01.1999;;39;Gut
23.01.1999;;39;Gut
24.01.1999;;39;Gut
25.01.1999;;39;Gut
26.01.1999;;41;Gut
27.01.1999;;41;Gut
28.01.1999;;41;Gut
29.01.1999;;44;Gut
30.01.1999;;43;Gut
31.01.1999;;42;Gut
01.02.1999;;38;Gut
02.02.1999;;38;Gut
03.02.1999;;38;Gut
04.02.1999;;45;Gut
05.02.1999;;48;Gut
06.02.1999;;47;Gut
07.02.1999;;49;Gut
08.02.1999;;49;Gut
09.02.1999;;48;Gut
10.02.1999;;46;Gut
11.02.1999;;44;Gut
12.02.1999;;41;Gut
13.02.1999;;40;Gut
14.02.1999;;40;Gut
15.02.1999;;40;Gut
16.02.1999;;40;Gut
17.02.1999;;45;Gut
18.02.1999;;45;Gut
19.02.1999;;46;Gut
20.02.1999;;47;Gut
21.02.1999;;55;Gut
22.02.1999;;55;Gut
23.02.1999;;55;Gut
24.02.1999;;58;Gut
25.02.1999;;55;Gut
26.02.1999;;52;Gut
27.02.1999;;50;Gut
28.02.1999;;50;Gut
01.03.1999;;45;Gut
02.03.1999;;49;Gut
03.03.1999;;50;Gut
04.03.1999;;54;Gut
05.03.1999;;57;Gut
06.03.1999;;58;Gut
07.03.1999;;54;Gut
08.03.1999;;52;Gut
09.03.1999;;50;Gut
10.03.1999;;50;Gut
11.03.1999;;50;Gut
12.03.1999;;52;Gut
13.03.1999;;50;Gut
14.03.1999;;45;Gut
15.03.1999;;45;Gut
16.03.1999;;45;Gut
17.03.1999;;47;Gut
18.03.1999;;47;Gut
19.03.1999;;43;Gut
20.03.1999;;40;Gut
21.03.1999;;43;Gut
22.03.1999;;45;Gut
23.03.1999;;43;Gut
24.03.1999;;43;Gut
25.03.1999;;38;Gut
26.03.1999;;37;Gut
27.03.1999;;34;Gut
28.03.1999;;42;Gut
29.03.1999;;38;Gut
30.03.1999;;38;Gut
31.03.1999;;35;Gut
01.04.1999;;35;Gut
02.04.1999;;35;Gut
03.04.1999;;35;Gut
04.04.1999;;32;Gut
05.04.1999;;32;Gut
06.04.1999;;32;Gut
07.04.1999;;36;Gut
08.04.1999;;36;Gut
09.04.1999;;34;Gut
10.04.1999;;34;Gut
11.04.1999;;34;Gut
12.04.1999;;34;Gut
13.04.1999;;34;Gut
14.04.1999;;34;Gut
15.04.1999;;34;Gut
16.04.1999;;34;Gut
17.04.1999;;42;Gut
18.04.1999;;40;Gut
19.04.1999;;40;Gut
20.04.1999;;40;Gut
21.04.1999;;38;Gut
22.04.1999;;35;Gut
23.04.1999;;32;Gut
24.04.1999;;30;Gut
25.04.1999;;30;Gut
26.04.1999;;30;Gut
27.04.1999;;30;Gut
28.04.1999;;30;Gut
29.04.1999;;30;Gut
30.04.1999;;30;Gut
01.05.1999;;28;Gut
02.05.1999;;28;Gut
03.05.1999;;28;Gut
04.05.1999;;28;Gut
05.05.1999;;28;Gut
06.05.1999;;28;Gut
07.05.1999;;28;Gut
08.05.1999;;28;Gut
09.05.1999;;28;Gut
10.05.1999;;28;Gut
11.05.1999;;28;Gut
12.05.1999;;28;Gut
13.05.1999;;30;Gut
14.05.1999;;34;Gut
15.05.1999;;45;Gut
16.05.1999;;45;Gut
17.05.1999;;45;Gut
18.05.1999;;42;Gut
19.05.1999;;46;Gut
20.05.1999;;43;Gut
21.05.1999;;43;Gut
22.05.1999;;45;Gut
23.05.1999;;45;Gut
24.05.1999;;42;Gut
25.05.1999;;38;Gut
26.05.1999;;35;Gut
27.05.1999;;30;Gut
28.05.1999;;28;Gut
29.05.1999;;30;Gut
30.05.1999;;35;Gut
31.05.1999;;35;Gut
01.06.1999;;35;Gut
02.06.1999;;35;Gut
03.06.1999;;35;Gut
04.06.1999;;35;Gut
05.06.1999;;35;Gut
06.06.1999;;35;Gut
07.06.1999;;35;Gut
08.06.1999;;34;Gut
09.06.1999;;34;Gut
10.06.1999;;35;Gut
11.06.1999;;34;Gut
12.06.1999;;33;Gut
13.06.1999;;32;Gut
14.06.1999;;32;Gut
15.06.1999;;30;Gut
16.06.1999;;30;Gut
17.06.1999;;39;Gut
18.06.1999;;39;Gut
19.06.1999;;39;Gut
20.06.1999;;40;Gut
21.06.1999;;40;Gut
22.06.1999;;40;Gut
23.06.1999;;39;Gut
24.06.1999;;39;Gut
25.06.1999;;39;Gut
26.06.1999;;39;Gut
27.06.1999;;37;Gut
28.06.1999;;37;Gut
29.06.1999;;35;Gut
30.06.1999;;35;Gut
01.07.1999;;35;Gut
02.07.1999;;35;Gut
03.07.1999;;35;Gut
04.07.1999;;35;Gut
05.07.1999;;33;Gut
06.07.1999;;45;Gut
07.07.1999;;44;Gut
08.07.1999;;40;Gut
09.07.1999;;35;Gut
10.07.1999;;35;Gut
11.07.1999;;35;Gut
12.07.1999;;35;Gut
13.07.1999;;32;Gut
14.07.1999;;32;Gut
15.07.1999;;32;Gut
16.07.1999;;32;Gut
17.07.1999;;32;Gut
18.07.1999;;28;Gut
19.07.1999;;30;Gut
20.07.1999;;30;Gut
21.07.1999;;35;Gut
22.07.1999;;35;Gut
23.07.1999;;32;Gut
24.07.1999;;32;Gut
25.07.1999;;32;Gut
26.07.1999;;30;Gut
27.07.1999;;30;Gut
28.07.1999;;30;Gut
29.07.1999;;30;Gut
30.07.1999;;30;Gut
31.07.1999;;30;Gut
01.08.1999;;30;Gut
02.08.1999;;29;Gut
03.08.1999;;29;Gut
04.08.1999;;29;Gut
05.08.1999;;29;Gut
06.08.1999;;28;Gut
07.08.1999;;28;Gut
08.08.1999;;28;Gut
09.08.1999;;28;Gut
10.08.1999;;28;Gut
11.08.1999;;28;Gut
12.08.1999;;28;Gut
13.08.1999;;28;Gut
14.08.1999;;28;Gut
15.08.1999;;28;Gut
16.08.1999;;28;Gut
17.08.1999;;30;Gut
18.08.1999;;30;Gut
19.08.1999;;30;Gut
20.08.1999;;30;Gut
21.08.1999;;30;Gut
22.08.1999;;30;Gut
23.08.1999;;30;Gut
24.08.1999;;30;Gut
25.08.1999;;29;Gut
26.08.1999;;29;Gut
27.08.1999;;31;Gut
28.08.1999;;30;Gut
29.08.1999;;30;Gut
30.08.1999;;29;Gut
31.08.1999;;28;Gut
01.09.1999;;30;Gut
02.09.1999;;30;Gut
03.09.1999;;30;Gut
04.09.1999;;30;Gut
05.09.1999;;30;Gut
06.09.1999;;30;Gut
07.09.1999;;29;Gut
08.09.1999;;29;Gut
09.09.1999;;29;Gut
10.09.1999;;29;Gut
11.09.1999;;28;Gut
12.09.1999;;28;Gut
13.09.1999;;28;Gut
14.09.1999;;28;Gut
15.09.1999;;28;Gut
16.09.1999;;28;Gut
17.09.1999;;28;Gut
18.09.1999;;28;Gut
19.09.1999;;28;Gut
20.09.1999;;28;Gut
21.09.1999;;30;Gut
22.09.1999;;29;Gut
23.09.1999;;29;Gut
24.09.1999;;28;Gut
25.09.1999;;28;Gut
26.09.1999;;28;Gut
27.09.1999;;28;Gut
28.09.1999;;28;Gut
29.09.1999;;28;Gut
30.09.1999;;28;Gut
01.10.1999;;28;Gut
02.10.1999;;28;Gut
03.10.1999;;28;Gut
04.10.1999;;28;Gut
05.10.1999;;29;Gut
06.10.1999;;29;Gut
07.10.1999;;29;Gut
08.10.1999;;29;Gut
09.10.1999;;28;Gut
10.10.1999;;28;Gut
11.10.1999;;28;Gut
12.10.1999;;30;Gut
13.10.1999;;30;Gut
14.10.1999;;30;Gut
15.10.1999;;32;Gut
16.10.1999;;32;Gut
17.10.1999;;31;Gut
18.10.1999;;31;Gut
19.10.1999;;31;Gut
20.10.1999;;32;Gut
21.10.1999;;32;Gut
22.10.1999;;33;Gut
23.10.1999;;33;Gut
24.10.1999;;34;Gut
25.10.1999;;34;Gut
26.10.1999;;35;Gut
27.10.1999;;35;Gut
28.10.1999;;35;Gut
29.10.1999;;35;Gut
30.10.1999;;35;Gut
31.10.1999;;35;Gut
01.11.1999;;35;Gut
02.11.1999;;35;Gut
03.11.1999;;35;Gut
04.11.1999;;35;Gut
05.11.1999;;36;Gut
06.11.1999;;37;Gut
07.11.1999;;37;Gut
08.11.1999;;38;Gut
09.11.1999;;38;Gut
10.11.1999;;38;Gut
11.11.1999;;38;Gut
12.11.1999;;38;Gut
13.11.1999;;38;Gut
14.11.1999;;38;Gut
15.11.1999;;38;Gut
16.11.1999;;40;Gut
17.11.1999;;40;Gut
18.11.1999;;40;Gut
19.11.1999;;40;Gut
20.11.1999;;41;Gut
21.11.1999;;42;Gut
22.11.1999;;40;Gut
23.11.1999;;40;Gut
24.11.1999;;40;Gut
25.11.1999;;40;Gut
26.11.1999;;40;Gut
27.11.1999;;40;Gut
28.11.1999;;40;Gut
29.11.1999;;40;Gut
30.11.1999;;40;Gut
01.12.1999;;40;Gut
02.12.1999;;41;Gut
03.12.1999;;42;Gut
04.12.1999;;42;Gut
05.12.1999;;41;Gut
06.12.1999;;40;Gut
07.12.1999;;40;Gut
08.12.1999;;40;Gut
09.12.1999;;41;Gut
10.12.1999;;41;Gut
11.12.1999;;41;Gut
12.12.1999;;41;Gut
13.12.1999;;41;Gut
14.12.1999;;41;Gut
15.12.1999;;42;Gut
16.12.1999;;42;Gut
17.12.1999;;41;Gut
18.12.1999;;41;Gut
19.12.1999;;40;Gut
20.12.1999;;40;Gut
21.12.1999;;41;Gut
22.12.1999;;41;Gut
23.12.1999;;41;Gut
24.12.1999;;41;Gut
25.12.1999;;42;Gut
26.12.1999;;42;Gut
27.12.1999;;42;Gut
28.12.1999;;40;Gut
29.12.1999;;40;Gut
30.12.1999;;40;Gut
31.12.1999;;41;Gut
01.01.2000;;41;Gut
02.01.2000;;42;Gut
03.01.2000;;41;Gut
04.01.2000;;40;Gut
05.01.2000;;40;Gut
06.01.2000;;40;Gut
07.01.2000;;42;Gut
08.01.2000;;40;Gut
09.01.2000;;37;Gut
10.01.2000;;37;Gut
11.01.2000;;37;Gut
12.01.2000;;37;Gut
13.01.2000;;37;Gut
14.01.2000;;36;Gut
15.01.2000;;36;Gut
16.01.2000;;36;Gut
17.01.2000;;37;Gut
18.01.2000;;37;Gut
19.01.2000;;37;Gut
20.01.2000;;38;Gut
21.01.2000;;38;Gut
22.01.2000;;38;Gut
23.01.2000;;38;Gut
24.01.2000;;39;Gut
25.01.2000;;39;Gut
26.01.2000;;39;Gut
27.01.2000;;40;Gut
28.01.2000;;40;Gut
29.01.2000;;40;Gut
30.01.2000;;46;Gut
31.01.2000;;46;Gut
01.02.2000;;55;Gut
02.02.2000;;44;Gut
03.02.2000;;44;Gut
04.02.2000;;44;Gut
05.02.2000;;32;Gut
06.02.2000;;32;Gut
07.02.2000;;32;Gut
08.02.2000;;32;Gut
09.02.2000;;35;Gut
10.02.2000;;35;Gut
11.02.2000;;35;Gut
12.02.2000;;34;Gut
13.02.2000;;34;Gut
14.02.2000;;34;Gut
15.02.2000;;60;Gut
16.02.2000;;37;Gut
17.02.2000;;34;Gut
18.02.2000;;32;Gut
19.02.2000;;31;Gut
20.02.2000;;31;Gut
21.02.2000;;31;Gut
22.02.2000;;31;Gut
23.02.2000;;31;Gut
24.02.2000;;30;Gut
25.02.2000;;34;Gut
26.02.2000;;35;Gut
27.02.2000;;35;Gut
28.02.2000;;33;Gut
29.02.2000;;30;Gut
01.03.2000;;30;Gut
02.03.2000;;30;Gut
03.03.2000;;30;Gut
04.03.2000;;30;Gut
05.03.2000;;30;Gut
06.03.2000;;30;Gut
07.03.2000;;30;Gut
08.03.2000;;31;Gut
09.03.2000;;34;Gut
10.03.2000;;39;Gut
11.03.2000;;40;Gut
12.03.2000;;48;Gut
13.03.2000;;45;Gut
14.03.2000;;45;Gut
15.03.2000;;57;Gut
16.03.2000;;52;Gut
17.03.2000;;55;Gut
18.03.2000;;53;Gut
19.03.2000;;50;Gut
20.03.2000;;48;Gut
21.03.2000;;45;Gut
22.03.2000;;43;Gut
23.03.2000;;41;Gut
24.03.2000;;38;Gut
25.03.2000;;38;Gut
26.03.2000;;30;Gut
27.03.2000;;30;Gut
28.03.2000;;34;Gut
29.03.2000;;39;Gut
30.03.2000;;39;Gut
31.03.2000;;39;Gut
01.04.2000;;43;Gut
02.04.2000;;40;Gut
03.04.2000;;39;Gut
04.04.2000;;38;Gut
05.04.2000;;38;Gut
06.04.2000;;35;Gut
07.04.2000;;34;Gut
08.04.2000;;32;Gut
09.04.2000;;32;Gut
10.04.2000;;30;Gut
11.04.2000;;30;Gut
12.04.2000;;30;Gut
13.04.2000;;30;Gut
14.04.2000;;30;Gut
15.04.2000;;30;Gut
16.04.2000;;30;Gut
17.04.2000;;32;Gut
18.04.2000;;32;Gut
19.04.2000;;32;Gut
20.04.2000;;32;Gut
21.04.2000;;56;Gut
22.04.2000;;55;Gut
23.04.2000;;55;Gut
24.04.2000;;55;Gut
25.04.2000;;53;Gut
26.04.2000;;50;Gut
27.04.2000;;50;Gut
28.04.2000;;48;Gut
29.04.2000;;44;Gut
30.04.2000;;44;Gut
01.05.2000;;44;Gut
02.05.2000;;44;Gut
03.05.2000;;41;Gut
04.05.2000;;40;Gut
05.05.2000;;40;Gut
06.05.2000;;40;Gut
07.05.2000;;40;Gut
08.05.2000;;38;Gut
09.05.2000;;38;Gut
10.05.2000;;36;Gut
11.05.2000;;35;Gut
12.05.2000;;34;Gut
13.05.2000;;31;Gut
14.05.2000;;31;Gut
15.05.2000;;31;Gut
16.05.2000;;31;Gut
17.05.2000;;30;Gut
18.05.2000;;30;Gut
19.05.2000;;30;Gut
20.05.2000;;30;Gut
21.05.2000;;31;Gut
22.05.2000;;32;Gut
23.05.2000;;32;Gut
24.05.2000;;32;Gut
25.05.2000;;33;Gut
26.05.2000;;33;Gut
27.05.2000;;35;Gut
28.05.2000;;35;Gut
29.05.2000;;35;Gut
30.05.2000;;34;Gut
31.05.2000;;34;Gut
01.06.2000;;34;Gut
02.06.2000;;34;Gut
03.06.2000;;32;Gut
04.06.2000;;31;Gut
05.06.2000;;30;Gut
06.06.2000;;30;Gut
07.06.2000;;30;Gut
08.06.2000;;30;Gut
09.06.2000;;38;Gut
10.06.2000;;36;Gut
11.06.2000;;36;Gut
12.06.2000;;39;Gut
13.06.2000;;39;Gut
14.06.2000;;38;Gut
15.06.2000;;36;Gut
16.06.2000;;36;Gut
17.06.2000;;37;Gut
18.06.2000;;38;Gut
19.06.2000;;38;Gut
20.06.2000;;37;Gut
21.06.2000;;37;Gut
22.06.2000;;39;Gut
23.06.2000;;38;Gut
24.06.2000;;38;Gut
25.06.2000;;38;Gut
26.06.2000;;38;Gut
27.06.2000;;38;Gut
28.06.2000;;38;Gut
29.06.2000;;40;Gut
30.06.2000;;40;Gut
01.07.2000;;40;Gut
02.07.2000;;40;Gut
03.07.2000;;40;Gut
04.07.2000;;39;Gut
05.07.2000;;39;Gut
06.07.2000;;39;Gut
07.07.2000;;40;Gut
08.07.2000;;40;Gut
09.07.2000;;40;Gut
10.07.2000;;40;Gut
11.07.2000;;40;Gut
12.07.2000;;40;Gut
13.07.2000;;40;Gut
14.07.2000;;39;Gut
15.07.2000;;40;Gut
16.07.2000;;40;Gut
17.07.2000;;40;Gut
18.07.2000;;40;Gut
19.07.2000;;39;Gut
20.07.2000;;39;Gut
21.07.2000;;39;Gut
22.07.2000;;39;Gut
23.07.2000;;41;Gut
24.07.2000;;42;Gut
25.07.2000;;42;Gut
26.07.2000;;41;Gut
27.07.2000;;40;Gut
28.07.2000;;40;Gut
29.07.2000;;41;Gut
30.07.2000;;46;Gut
31.07.2000;;46;Gut
01.08.2000;;44;Gut
02.08.2000;;44;Gut
03.08.2000;;47;Gut
04.08.2000;;46;Gut
05.08.2000;;46;Gut
06.08.2000;;46;Gut
07.08.2000;;45;Gut
08.08.2000;;43;Gut
09.08.2000;;41;Gut
10.08.2000;;41;Gut
11.08.2000;;41;Gut
12.08.2000;;40;Gut
13.08.2000;;40;Gut
14.08.2000;;42;Gut
15.08.2000;;42;Gut
16.08.2000;;42;Gut
17.08.2000;;45;Gut
18.08.2000;;45;Gut
19.08.2000;;45;Gut
20.08.2000;;50;Gut
21.08.2000;;55;Gut
22.08.2000;;58;Gut
23.08.2000;;57;Gut
24.08.2000;;55;Gut
25.08.2000;;53;Gut
26.08.2000;;50;Gut
27.08.2000;;48;Gut
28.08.2000;;46;Gut
29.08.2000;;48;Gut
30.08.2000;;48;Gut
31.08.2000;;47;Gut
01.09.2000;;46;Gut
02.09.2000;;47;Gut
03.09.2000;;50;Gut
04.09.2000;;52;Gut
05.09.2000;;52;Gut
06.09.2000;;52;Gut
07.09.2000;;50;Gut
08.09.2000;;50;Gut
09.09.2000;;52;Gut
10.09.2000;;53;Gut
11.09.2000;;52;Gut
12.09.2000;;51;Gut
13.09.2000;;50;Gut
14.09.2000;;50;Gut
15.09.2000;;50;Gut
16.09.2000;;50;Gut
17.09.2000;;52;Gut
18.09.2000;;52;Gut
19.09.2000;;51;Gut
20.09.2000;;50;Gut
21.09.2000;;49;Gut
22.09.2000;;48;Gut
23.09.2000;;48;Gut
24.09.2000;;47;Gut
25.09.2000;;47;Gut
26.09.2000;;46;Gut
27.09.2000;;47;Gut
28.09.2000;;48;Gut
29.09.2000;;50;Gut
30.09.2000;;48;Gut
01.10.2000;;52;Gut
02.10.2000;;48;Gut
03.10.2000;;48;Gut
04.10.2000;;48;Gut
05.10.2000;;48;Gut
06.10.2000;;49;Gut
07.10.2000;;49;Gut
08.10.2000;;50;Gut
09.10.2000;;50;Gut
10.10.2000;;50;Gut
11.10.2000;;50;Gut
12.10.2000;;48;Gut
13.10.2000;;48;Gut
14.10.2000;;48;Gut
15.10.2000;;48;Gut
16.10.2000;;48;Gut
17.10.2000;;52;Gut
18.10.2000;;50;Gut
19.10.2000;;50;Gut
20.10.2000;;50;Gut
21.10.2000;;52;Gut
22.10.2000;;50;Gut
23.10.2000;;50;Gut
24.10.2000;;50;Gut
25.10.2000;;45;Gut
26.10.2000;;46;Gut
27.10.2000;;47;Gut
28.10.2000;;48;Gut
29.10.2000;;49;Gut
30.10.2000;;48;Gut
31.10.2000;;48;Gut
01.11.2000;;47;Gut
02.11.2000;;47;Gut
03.11.2000;;45;Gut
04.11.2000;;46;Gut
05.11.2000;;47;Gut
06.11.2000;;48;Gut
07.11.2000;;50;Gut
08.11.2000;;50;Gut
09.11.2000;;50;Gut
10.11.2000;;50;Gut
11.11.2000;;48;Gut
12.11.2000;;48;Gut
13.11.2000;;48;Gut
14.11.2000;;48;Gut
15.11.2000;;50;Gut
16.11.2000;;54;Gut
17.11.2000;;54;Gut
18.11.2000;;56;Gut
19.11.2000;;55;Gut
20.11.2000;;55;Gut
21.11.2000;;55;Gut
22.11.2000;;55;Gut
23.11.2000;;56;Gut
24.11.2000;;55;Gut
25.11.2000;;55;Gut
26.11.2000;;55;Gut
27.11.2000;;55;Gut
28.11.2000;;54;Gut
29.11.2000;;54;Gut
30.11.2000;;54;Gut
01.12.2000;;52;Gut
02.12.2000;;52;Gut
03.12.2000;;52;Gut
04.12.2000;;52;Gut
05.12.2000;;52;Gut
06.12.2000;;52;Gut
07.12.2000;;53;Gut
08.12.2000;;54;Gut
09.12.2000;;54;Gut
10.12.2000;;56;Gut
11.12.2000;;56;Gut
12.12.2000;;58;Gut
13.12.2000;;60;Gut
14.12.2000;;60;Gut
15.12.2000;;60;Gut
16.12.2000;;60;Gut
17.12.2000;;61;Gut
18.12.2000;;62;Gut
19.12.2000;;50;Gut
20.12.2000;;54;Gut
21.12.2000;;54;Gut
22.12.2000;;53;Gut
23.12.2000;;53;Gut
24.12.2000;;53;Gut
25.12.2000;;52;Gut
26.12.2000;;52;Gut
27.12.2000;;52;Gut
28.12.2000;;52;Gut
29.12.2000;;52;Gut
30.12.2000;;52;Gut
31.12.2000;;52;Gut
01.01.2001;;52;Gut
02.01.2001;;52;Gut
03.01.2001;;52;Gut
04.01.2001;;55;Gut
05.01.2001;;54;Gut
06.01.2001;;52;Gut
07.01.2001;;52;Gut
08.01.2001;;52;Gut
09.01.2001;;52;Gut
10.01.2001;;50;Gut
11.01.2001;;50;Gut
12.01.2001;;47;Gut
13.01.2001;;45;Gut
14.01.2001;;45;Gut
15.01.2001;;45;Gut
16.01.2001;;45;Gut
17.01.2001;;45;Gut
18.01.2001;;45;Gut
19.01.2001;;42;Gut
20.01.2001;;42;Gut
21.01.2001;;42;Gut
22.01.2001;;42;Gut
23.01.2001;;42;Gut
24.01.2001;;43;Gut
25.01.2001;;46;Gut
26.01.2001;;47;Gut
27.01.2001;;47;Gut
28.01.2001;;48;Gut
29.01.2001;;50;Gut
30.01.2001;;50;Gut
31.01.2001;;48;Gut
01.02.2001;;48;Gut
02.02.2001;;47;Gut
03.02.2001;;46;Gut
04.02.2001;;46;Gut
05.02.2001;;61;Gut
06.02.2001;;52;Gut
07.02.2001;;52;Gut
08.02.2001;;52;Gut
09.02.2001;;51;Gut
10.02.2001;;50;Gut
11.02.2001;;52;Gut
12.02.2001;;51;Gut
13.02.2001;;51;Gut
14.02.2001;;50;Gut
15.02.2001;;48;Gut
16.02.2001;;46;Gut
17.02.2001;;46;Gut
18.02.2001;;46;Gut
19.02.2001;;45;Gut
20.02.2001;;45;Gut
21.02.2001;;45;Gut
22.02.2001;;45;Gut
23.02.2001;;47;Gut
24.02.2001;;48;Gut
25.02.2001;;48;Gut
26.02.2001;;48;Gut
27.02.2001;;47;Gut
28.02.2001;;46;Gut
01.03.2001;;46;Gut
02.03.2001;;48;Gut
03.03.2001;;48;Gut
04.03.2001;;48;Gut
05.03.2001;;48;Gut
06.03.2001;;50;Gut
07.03.2001;;50;Gut
08.03.2001;;49;Gut
09.03.2001;;49;Gut
10.03.2001;;50;Gut
11.03.2001;;50;Gut
12.03.2001;;50;Gut
13.03.2001;;52;Gut
14.03.2001;;52;Gut
15.03.2001;;55;Gut
16.03.2001;;55;Gut
17.03.2001;;53;Gut
18.03.2001;;55;Gut
19.03.2001;;53;Gut
20.03.2001;;57;Gut
21.03.2001;;53;Gut
22.03.2001;;54;Gut
23.03.2001;;54;Gut
24.03.2001;;55;Gut
25.03.2001;;55;Gut
26.03.2001;;57;Gut
27.03.2001;;57;Gut
28.03.2001;;55;Gut
29.03.2001;;56;Gut
30.03.2001;;58;Gut
31.03.2001;;56;Gut
01.04.2001;;56;Gut
02.04.2001;;53;Gut
03.04.2001;;53;Gut
04.04.2001;;53;Gut
05.04.2001;;56;Gut
06.04.2001;;56;Gut
07.04.2001;;58;Gut
08.04.2001;;56;Gut
09.04.2001;;55;Gut
10.04.2001;;53;Gut
11.04.2001;;53;Gut
12.04.2001;;53;Gut
13.04.2001;;50;Gut
14.04.2001;;50;Gut
15.04.2001;;49;Gut
16.04.2001;;50;Gut
17.04.2001;;50;Gut
18.04.2001;;52;Gut
19.04.2001;;52;Gut
20.04.2001;;50;Gut
21.04.2001;;50;Gut
22.04.2001;;48;Gut
23.04.2001;;48;Gut
24.04.2001;;46;Gut
25.04.2001;;46;Gut
26.04.2001;;46;Gut
27.04.2001;;46;Gut
28.04.2001;;46;Gut
29.04.2001;;48;Gut
30.04.2001;;48;Gut
01.05.2001;;47;Gut
02.05.2001;;47;Gut
03.05.2001;;46;Gut
04.05.2001;;46;Gut
05.05.2001;;42;Gut
06.05.2001;;45;Gut
07.05.2001;;46;Gut
08.05.2001;;28;Gut
09.05.2001;;25;Gut
10.05.2001;;24;Gut
11.05.2001;;24;Gut
12.05.2001;;24;Gut
13.05.2001;;24;Gut
14.05.2001;;24;Gut
15.05.2001;;24;Gut
16.05.2001;;24;Gut
17.05.2001;;24;Gut
18.05.2001;;24;Gut
19.05.2001;;24;Gut
20.05.2001;;25;Gut
21.05.2001;;25;Gut
22.05.2001;;25;Gut
23.05.2001;;25;Gut
24.05.2001;;31;Gut
25.05.2001;;31;Gut
26.05.2001;;31;Gut
27.05.2001;;29;Gut
28.05.2001;;29;Gut
29.05.2001;;30;Gut
30.05.2001;;31;Gut
31.05.2001;;31;Gut
01.06.2001;;33;Gut
02.06.2001;;36;Gut
03.06.2001;;36;Gut
04.06.2001;;38;Gut
05.06.2001;;38;Gut
06.06.2001;;38;Gut
07.06.2001;;46;Gut
08.06.2001;;46;Gut
09.06.2001;;46;Gut
10.06.2001;;46;Gut
11.06.2001;;48;Gut
12.06.2001;;47;Gut
13.06.2001;;47;Gut
14.06.2001;;47;Gut
15.06.2001;;47;Gut
16.06.2001;;47;Gut
17.06.2001;;46;Gut
18.06.2001;;44;Gut
19.06.2001;;42;Gut
20.06.2001;;40;Gut
21.06.2001;;36;Gut
22.06.2001;;38;Gut
23.06.2001;;40;Gut
24.06.2001;;40;Gut
25.06.2001;;38;Gut
26.06.2001;;38;Gut
27.06.2001;;38;Gut
28.06.2001;;38;Gut
29.06.2001;;38;Gut
30.06.2001;;34;Gut
01.07.2001;;34;Gut
02.07.2001;;34;Gut
03.07.2001;;34;Gut
04.07.2001;;34;Gut
05.07.2001;;34;Gut
06.07.2001;;34;Gut
07.07.2001;;34;Gut
08.07.2001;;34;Gut
09.07.2001;;34;Gut
10.07.2001;;39;Gut
11.07.2001;;40;Gut
12.07.2001;;40;Gut
13.07.2001;;40;Gut
14.07.2001;;42;Gut
15.07.2001;;45;Gut
16.07.2001;;46;Gut
17.07.2001;;48;Gut
18.07.2001;;48;Gut
19.07.2001;;46;Gut
20.07.2001;;44;Gut
21.07.2001;;44;Gut
22.07.2001;;44;Gut
23.07.2001;;40;Gut
24.07.2001;;40;Gut
25.07.2001;;38;Gut
26.07.2001;;36;Gut
27.07.2001;;36;Gut
28.07.2001;;36;Gut
29.07.2001;;36;Gut
30.07.2001;;36;Gut
31.07.2001;;36;Gut
01.08.2001;;38;Gut
02.08.2001;;38;Gut
03.08.2001;;38;Gut
04.08.2001;;38;Gut
05.08.2001;;38;Gut
06.08.2001;;38;Gut
07.08.2001;;38;Gut
08.08.2001;;38;Gut
09.08.2001;;42;Gut
10.08.2001;;41;Gut
11.08.2001;;41;Gut
12.08.2001;;41;Gut
13.08.2001;;40;Gut
14.08.2001;;40;Gut
15.08.2001;;40;Gut
16.08.2001;;40;Gut
17.08.2001;;40;Gut
18.08.2001;;40;Gut
19.08.2001;;40;Gut
20.08.2001;;40;Gut
21.08.2001;;43;Gut
22.08.2001;;42;Gut
23.08.2001;;42;Gut
24.08.2001;;42;Gut
25.08.2001;;41;Gut
26.08.2001;;41;Gut
27.08.2001;;40;Gut
28.08.2001;;40;Gut
29.08.2001;;40;Gut
30.08.2001;;40;Gut
31.08.2001;;39;Gut
01.09.2001;;39;Gut
02.09.2001;;39;Gut
03.09.2001;;38;Gut
04.09.2001;;38;Gut
05.09.2001;;45;Gut
06.09.2001;;45;Gut
07.09.2001;;48;Gut
08.09.2001;;52;Gut
09.09.2001;;61;Gut
10.09.2001;;61;Gut
11.09.2001;;64;Gut
12.09.2001;;67;Gut
13.09.2001;;68;Gut
14.09.2001;;70;Gut
15.09.2001;;70;Gut
16.09.2001;;55;Gut
17.09.2001;;53;Gut
18.09.2001;;51;Gut
19.09.2001;;59;Gut
20.09.2001;;55;Gut
21.09.2001;;55;Gut
22.09.2001;;54;Gut
23.09.2001;;53;Gut
24.09.2001;;50;Gut
25.09.2001;;52;Gut
26.09.2001;;54;Gut
27.09.2001;;54;Gut
28.09.2001;;64;Gut
29.09.2001;;62;Gut
30.09.2001;;58;Gut
01.10.2001;;58;Gut
02.10.2001;;58;Gut
03.10.2001;;62;Gut
04.10.2001;;62;Gut
05.10.2001;;61;Gut
06.10.2001;;60;Gut
07.10.2001;;57;Gut
08.10.2001;;57;Gut
09.10.2001;;57;Gut
10.10.2001;;54;Gut
11.10.2001;;30;Gut
12.10.2001;;28;Gut
13.10.2001;;28;Gut
14.10.2001;;26;Gut
15.10.2001;;40;Gut
16.10.2001;;40;Gut
17.10.2001;;38;Gut
18.10.2001;;38;Gut
19.10.2001;;35;Gut
20.10.2001;;36;Gut
21.10.2001;;36;Gut
22.10.2001;;36;Gut
23.10.2001;;38;Gut
24.10.2001;;34;Gut
25.10.2001;;33;Gut
26.10.2001;;32;Gut
27.10.2001;;32;Gut
28.10.2001;;32;Gut
29.10.2001;;32;Gut
30.10.2001;;35;Gut
31.10.2001;;32;Gut
01.11.2001;;32;Gut
02.11.2001;;30;Gut
03.11.2001;;30;Gut
04.11.2001;;30;Gut
05.11.2001;;30;Gut
06.11.2001;;43;Gut
07.11.2001;;43;Gut
08.11.2001;;42;Gut
09.11.2001;;42;Gut
10.11.2001;;42;Gut
11.11.2001;;42;Gut
12.11.2001;;42;Gut
13.11.2001;;42;Gut
14.11.2001;;42;Gut
15.11.2001;;40;Gut
16.11.2001;;40;Gut
17.11.2001;;39;Gut
18.11.2001;;39;Gut
19.11.2001;;39;Gut
20.11.2001;;40;Gut
21.11.2001;;40;Gut
22.11.2001;;40;Gut
23.11.2001;;40;Gut
24.11.2001;;40;Gut
25.11.2001;;40;Gut
26.11.2001;;40;Gut
27.11.2001;;40;Gut
28.11.2001;;40;Gut
29.11.2001;;42;Gut
30.11.2001;;47;Gut
01.12.2001;;46;Gut
02.12.2001;;44;Gut
03.12.2001;;40;Gut
04.12.2001;;40;Gut
05.12.2001;;42;Gut
06.12.2001;;45;Gut
07.12.2001;;45;Gut
08.12.2001;;45;Gut
09.12.2001;;43;Gut
10.12.2001;;42;Gut
11.12.2001;;40;Gut
12.12.2001;;40;Gut
13.12.2001;;40;Gut
14.12.2001;;38;Gut
15.12.2001;;38;Gut
16.12.2001;;38;Gut
17.12.2001;;36;Gut
18.12.2001;;36;Gut
19.12.2001;;38;Gut
20.12.2001;;38;Gut
21.12.2001;;36;Gut
22.12.2001;;35;Gut
23.12.2001;;38;Gut
24.12.2001;;38;Gut
25.12.2001;;35;Gut
26.12.2001;;43;Gut
27.12.2001;;45;Gut
28.12.2001;;43;Gut
29.12.2001;;47;Gut
30.12.2001;;49;Gut
31.12.2001;;49;Gut
01.01.2002;;43;Gut
02.01.2002;;41;Gut
03.01.2002;;40;Gut
04.01.2002;;40;Gut
05.01.2002;;38;Gut
06.01.2002;;38;Gut
07.01.2002;;36;Gut
08.01.2002;;33;Gut
09.01.2002;;30;Gut
10.01.2002;;30;Gut
11.01.2002;;30;Gut
12.01.2002;;32;Gut
13.01.2002;;37;Gut
14.01.2002;;36;Gut
15.01.2002;;36;Gut
16.01.2002;;35;Gut
17.01.2002;;35;Gut
18.01.2002;;34;Gut
19.01.2002;;34;Gut
20.01.2002;;34;Gut
21.01.2002;;40;Gut
22.01.2002;;46;Gut
23.01.2002;;46;Gut
24.01.2002;;50;Gut
25.01.2002;;50;Gut
26.01.2002;;50;Gut
27.01.2002;;51;Gut
28.01.2002;;54;Gut
29.01.2002;;56;Gut
30.01.2002;;56;Gut
31.01.2002;;50;Gut
01.02.2002;;48;Gut
02.02.2002;;48;Gut
03.02.2002;;44;Gut
04.02.2002;;42;Gut
05.02.2002;;40;Gut
06.02.2002;;40;Gut
07.02.2002;;40;Gut
08.02.2002;;38;Gut
09.02.2002;;38;Gut
10.02.2002;;42;Gut
11.02.2002;;42;Gut
12.02.2002;;50;Gut
13.02.2002;;49;Gut
14.02.2002;;46;Gut
15.02.2002;;43;Gut
16.02.2002;;43;Gut
17.02.2002;;42;Gut
18.02.2002;;42;Gut
19.02.2002;;40;Gut
20.02.2002;;44;Gut
21.02.2002;;50;Gut
22.02.2002;;45;Gut
23.02.2002;;45;Gut
24.02.2002;;48;Gut
25.02.2002;;52;Gut
26.02.2002;;58;Gut
27.02.2002;;63;Gut
28.02.2002;;66;Gut
01.03.2002;;58;Gut
02.03.2002;;56;Gut
03.03.2002;;56;Gut
04.03.2002;;55;Gut
05.03.2002;;52;Gut
06.03.2002;;52;Gut
07.03.2002;;50;Gut
08.03.2002;;50;Gut
09.03.2002;;48;Gut
10.03.2002;;46;Gut
11.03.2002;;46;Gut
12.03.2002;;44;Gut
13.03.2002;;44;Gut
14.03.2002;;46;Gut
15.03.2002;;46;Gut
16.03.2002;;46;Gut
17.03.2002;;44;Gut
18.03.2002;;44;Gut
19.03.2002;;44;Gut
20.03.2002;;44;Gut
21.03.2002;;45;Gut
22.03.2002;;45;Gut
23.03.2002;;45;Gut
24.03.2002;;45;Gut
25.03.2002;;45;Gut
26.03.2002;;42;Gut
27.03.2002;;40;Gut
28.03.2002;;39;Gut
29.03.2002;;38;Gut
30.03.2002;;38;Gut
31.03.2002;;38;Gut
01.04.2002;;38;Gut
02.04.2002;;36;Gut
03.04.2002;;35;Gut
04.04.2002;;32;Gut
05.04.2002;;32;Gut
06.04.2002;;32;Gut
07.04.2002;;32;Gut
08.04.2002;;30;Gut
09.04.2002;;30;Gut
10.04.2002;;30;Gut
11.04.2002;;30;Gut
12.04.2002;;30;Gut
13.04.2002;;32;Gut
14.04.2002;;32;Gut
15.04.2002;;35;Gut
16.04.2002;;35;Gut
17.04.2002;;40;Gut
18.04.2002;;40;Gut
19.04.2002;;40;Gut
20.04.2002;;45;Gut
21.04.2002;;42;Gut
22.04.2002;;42;Gut
23.04.2002;;40;Gut
24.04.2002;;40;Gut
25.04.2002;;35;Gut
26.04.2002;;35;Gut
27.04.2002;;35;Gut
28.04.2002;;40;Gut
29.04.2002;;40;Gut
30.04.2002;;40;Gut
01.05.2002;;40;Gut
02.05.2002;;36;Gut
03.05.2002;;40;Gut
04.05.2002;;40;Gut
05.05.2002;;40;Gut
06.05.2002;;42;Gut
07.05.2002;;39;Gut
08.05.2002;;38;Gut
09.05.2002;;36;Gut
10.05.2002;;36;Gut
11.05.2002;;36;Gut
12.05.2002;;38;Gut
13.05.2002;;38;Gut
14.05.2002;;38;Gut
15.05.2002;;36;Gut
16.05.2002;;36;Gut
17.05.2002;;36;Gut
18.05.2002;;35;Gut
19.05.2002;;36;Gut
20.05.2002;;36;Gut
21.05.2002;;36;Gut
22.05.2002;;34;Gut
23.05.2002;;33;Gut
24.05.2002;;42;Gut
25.05.2002;;45;Gut
26.05.2002;;47;Gut
27.05.2002;;49;Gut
28.05.2002;;49;Gut
29.05.2002;;54;Gut
30.05.2002;;51;Gut
31.05.2002;;51;Gut
01.06.2002;;50;Gut
02.06.2002;;50;Gut
03.06.2002;;46;Gut
04.06.2002;;46;Gut
05.06.2002;;44;Gut
06.06.2002;;44;Gut
07.06.2002;;46;Gut
08.06.2002;;48;Gut
09.06.2002;;50;Gut
10.06.2002;;50;Gut
11.06.2002;;48;Gut
12.06.2002;;46;Gut
13.06.2002;;46;Gut
14.06.2002;;46;Gut
15.06.2002;;46;Gut
16.06.2002;;46;Gut
17.06.2002;;48;Gut
18.06.2002;;48;Gut
19.06.2002;;46;Gut
20.06.2002;;43;Gut
21.06.2002;;30;Gut
22.06.2002;;28;Gut
23.06.2002;;38;Gut
24.06.2002;;35;Gut
25.06.2002;;32;Gut
26.06.2002;;32;Gut
27.06.2002;;32;Gut
28.06.2002;;30;Gut
29.06.2002;;30;Gut
30.06.2002;;28;Gut
01.07.2002;;28;Gut
02.07.2002;;28;Gut
03.07.2002;;28;Gut
04.07.2002;;26;Gut
05.07.2002;;26;Gut
06.07.2002;;26;Gut
07.07.2002;;25;Gut
08.07.2002;;25;Gut
09.07.2002;;25;Gut
10.07.2002;;25;Gut
11.07.2002;;25;Gut
12.07.2002;;25;Gut
13.07.2002;;25;Gut
14.07.2002;;25;Gut
15.07.2002;;28;Gut
16.07.2002;;28;Gut
17.07.2002;;28;Gut
18.07.2002;;40;Gut
19.07.2002;;40;Gut
20.07.2002;;41;Gut
21.07.2002;;40;Gut
22.07.2002;;40;Gut
23.07.2002;;40;Gut
24.07.2002;;40;Gut
25.07.2002;;40;Gut
26.07.2002;;39;Gut
27.07.2002;;39;Gut
28.07.2002;;39;Gut
29.07.2002;;36;Gut
30.07.2002;;36;Gut
31.07.2002;;34;Gut
01.08.2002;;34;Gut
02.08.2002;;34;Gut
03.08.2002;;34;Gut
04.08.2002;;33;Gut
05.08.2002;;38;Gut
06.08.2002;;38;Gut
07.08.2002;;35;Gut
08.08.2002;;34;Gut
09.08.2002;;36;Gut
10.08.2002;;36;Gut
11.08.2002;;37;Gut
12.08.2002;;42;Gut
13.08.2002;;78;Gut
14.08.2002;;80;Gut
15.08.2002;;76;Gut
16.08.2002;;68;Gut
17.08.2002;;62;Gut
18.08.2002;;58;Gut
19.08.2002;;54;Gut
20.08.2002;;50;Gut
21.08.2002;;50;Gut
22.08.2002;;50;Gut
23.08.2002;;48;Gut
24.08.2002;;46;Gut
25.08.2002;;44;Gut
26.08.2002;;44;Gut
27.08.2002;;44;Gut
28.08.2002;;41;Gut
29.08.2002;;41;Gut
30.08.2002;;41;Gut
31.08.2002;;41;Gut
01.09.2002;;41;Gut
02.09.2002;;42;Gut
03.09.2002;;42;Gut
04.09.2002;;42;Gut
05.09.2002;;41;Gut
06.09.2002;;40;Gut
07.09.2002;;40;Gut
08.09.2002;;40;Gut
09.09.2002;;40;Gut
10.09.2002;;42;Gut
11.09.2002;;42;Gut
12.09.2002;;43;Gut
13.09.2002;;43;Gut
14.09.2002;;43;Gut
15.09.2002;;45;Gut
16.09.2002;;45;Gut
17.09.2002;;45;Gut
18.09.2002;;45;Gut
19.09.2002;;43;Gut
20.09.2002;;42;Gut
21.09.2002;;42;Gut
22.09.2002;;42;Gut
23.09.2002;;48;Gut
24.09.2002;;50;Gut
25.09.2002;;50;Gut
26.09.2002;;52;Gut
27.09.2002;;46;Gut
28.09.2002;;45;Gut
29.09.2002;;44;Gut
30.09.2002;;43;Gut
01.10.2002;;43;Gut
02.10.2002;;38;Gut
03.10.2002;;42;Gut
04.10.2002;;41;Gut
05.10.2002;;40;Gut
06.10.2002;;42;Gut
07.10.2002;;42;Gut
08.10.2002;;42;Gut
09.10.2002;;42;Gut
10.10.2002;;42;Gut
11.10.2002;;46;Gut
12.10.2002;;44;Gut
13.10.2002;;44;Gut
14.10.2002;;44;Gut
15.10.2002;;50;Gut
16.10.2002;;50;Gut
17.10.2002;;52;Gut
18.10.2002;;52;Gut
19.10.2002;;52;Gut
20.10.2002;;52;Gut
21.10.2002;;52;Gut
22.10.2002;;52;Gut
23.10.2002;;52;Gut
24.10.2002;;52;Gut
25.10.2002;;52;Gut
26.10.2002;;51;Gut
27.10.2002;;51;Gut
28.10.2002;;51;Gut
29.10.2002;;58;Gut
30.10.2002;;58;Gut
31.10.2002;;58;Gut
01.11.2002;;57;Gut
02.11.2002;;62;Gut
03.11.2002;;63;Gut
04.11.2002;;64;Gut
05.11.2002;;64;Gut
06.11.2002;;62;Gut
07.11.2002;;60;Gut
08.11.2002;;60;Gut
09.11.2002;;63;Gut
10.11.2002;;66;Gut
11.11.2002;;64;Gut
12.11.2002;;63;Gut
13.11.2002;;60;Gut
14.11.2002;;58;Gut
15.11.2002;;52;Gut
16.11.2002;;55;Gut
17.11.2002;;55;Gut
18.11.2002;;55;Gut
19.11.2002;;55;Gut
20.11.2002;;55;Gut
21.11.2002;;53;Gut
22.11.2002;;53;Gut
23.11.2002;;50;Gut
24.11.2002;;52;Gut
25.11.2002;;52;Gut
26.11.2002;;52;Gut
27.11.2002;;51;Gut
28.11.2002;;50;Gut
29.11.2002;;50;Gut
30.11.2002;;52;Gut
01.12.2002;;55;Gut
02.12.2002;;56;Gut
03.12.2002;;54;Gut
04.12.2002;;54;Gut
05.12.2002;;52;Gut
06.12.2002;;50;Gut
07.12.2002;;48;Gut
08.12.2002;;50;Gut
09.12.2002;;46;Gut
10.12.2002;;44;Gut
11.12.2002;;44;Gut
12.12.2002;;42;Gut
13.12.2002;;40;Gut
14.12.2002;;40;Gut
15.12.2002;;38;Gut
16.12.2002;;38;Gut
17.12.2002;;38;Gut
18.12.2002;;40;Gut
19.12.2002;;40;Gut
20.12.2002;;35;Gut
21.12.2002;;38;Gut
22.12.2002;;38;Gut
23.12.2002;;38;Gut
24.12.2002;;40;Gut
25.12.2002;;37;Gut
26.12.2002;;37;Gut
27.12.2002;;37;Gut
28.12.2002;;37;Gut
29.12.2002;;42;Gut
30.12.2002;;44;Gut
31.12.2002;;50;Gut
01.01.2003;;54;Gut
02.01.2003;;58;Gut
03.01.2003;;58;Gut
04.01.2003;;57;Gut
05.01.2003;;54;Gut
06.01.2003;;50;Gut
07.01.2003;;49;Gut
08.01.2003;;49;Gut
09.01.2003;;49;Gut
10.01.2003;;45;Gut
11.01.2003;;41;Gut
12.01.2003;;40;Gut
13.01.2003;;40;Gut
14.01.2003;;40;Gut
15.01.2003;;40;Gut
16.01.2003;;43;Gut
17.01.2003;;44;Gut
18.01.2003;;44;Gut
19.01.2003;;44;Gut
20.01.2003;;44;Gut
21.01.2003;;44;Gut
22.01.2003;;45;Gut
23.01.2003;;45;Gut
24.01.2003;;46;Gut
25.01.2003;;48;Gut
26.01.2003;;48;Gut
27.01.2003;;50;Gut
28.01.2003;;52;Gut
29.01.2003;;52;Gut
30.01.2003;;56;Gut
31.01.2003;;54;Gut
01.02.2003;;52;Gut
02.02.2003;;50;Gut
03.02.2003;;50;Gut
04.02.2003;;52;Gut
05.02.2003;;50;Gut
06.02.2003;;48;Gut
07.02.2003;;46;Gut
08.02.2003;;46;Gut
09.02.2003;;44;Gut
10.02.2003;;42;Gut
11.02.2003;;42;Gut
12.02.2003;;40;Gut
13.02.2003;;44;Gut
14.02.2003;;40;Gut
15.02.2003;;36;Gut
16.02.2003;;36;Gut
17.02.2003;;36;Gut
18.02.2003;;42;Gut
19.02.2003;;34;Gut
20.02.2003;;34;Gut
21.02.2003;;34;Gut
22.02.2003;;40;Gut
23.02.2003;;40;Gut
24.02.2003;;40;Gut
25.02.2003;;40;Gut
26.02.2003;;40;Gut
27.02.2003;;40;Gut
28.02.2003;;39;Gut
01.03.2003;;39;Gut
02.03.2003;;40;Gut
03.03.2003;;40;Gut
04.03.2003;;40;Gut
05.03.2003;;41;Gut
06.03.2003;;42;Gut
07.03.2003;;43;Gut
08.03.2003;;43;Gut
09.03.2003;;46;Gut
10.03.2003;;50;Gut
11.03.2003;;50;Gut
12.03.2003;;52;Gut
13.03.2003;;52;Gut
14.03.2003;;52;Gut
15.03.2003;;50;Gut
16.03.2003;;50;Gut
17.03.2003;;48;Gut
18.03.2003;;48;Gut
19.03.2003;;46;Gut
20.03.2003;;46;Gut
21.03.2003;;46;Gut
22.03.2003;;46;Gut
23.03.2003;;46;Gut
24.03.2003;;45;Gut
25.03.2003;;45;Gut
26.03.2003;;44;Gut
27.03.2003;;41;Gut
28.03.2003;;40;Gut
29.03.2003;;40;Gut
30.03.2003;;40;Gut
31.03.2003;;40;Gut
01.04.2003;;40;Gut
02.04.2003;;40;Gut
03.04.2003;;40;Gut
04.04.2003;;40;Gut
05.04.2003;;39;Gut
06.04.2003;;44;Gut
07.04.2003;;41;Gut
08.04.2003;;41;Gut
09.04.2003;;40;Gut
10.04.2003;;38;Gut
11.04.2003;;36;Gut
12.04.2003;;36;Gut
13.04.2003;;37;Gut
14.04.2003;;36;Gut
15.04.2003;;35;Gut
16.04.2003;;32;Gut
17.04.2003;;32;Gut
18.04.2003;;35;Gut
19.04.2003;;35;Gut
20.04.2003;;35;Gut
21.04.2003;;35;Gut
22.04.2003;;35;Gut
23.04.2003;;34;Gut
24.04.2003;;32;Gut
25.04.2003;;32;Gut
26.04.2003;;32;Gut
27.04.2003;;32;Gut
28.04.2003;;32;Gut
29.04.2003;;33;Gut
30.04.2003;;31;Gut
01.05.2003;;27;Gut
02.05.2003;;25;Gut
03.05.2003;;25;Gut
04.05.2003;;25;Gut
05.05.2003;;30;Gut
06.05.2003;;28;Gut
07.05.2003;;30;Gut
08.05.2003;;30;Gut
09.05.2003;;30;Gut
10.05.2003;;30;Gut
11.05.2003;;32;Gut
12.05.2003;;32;Gut
13.05.2003;;32;Gut
14.05.2003;;32;Gut
15.05.2003;;32;Gut
16.05.2003;;32;Gut
17.05.2003;;33;Gut
18.05.2003;;34;Gut
19.05.2003;;34;Gut
20.05.2003;;35;Gut
21.05.2003;;37;Gut
22.05.2003;;37;Gut
23.05.2003;;36;Gut
24.05.2003;;35;Gut
25.05.2003;;34;Gut
26.05.2003;;34;Gut
27.05.2003;;34;Gut
28.05.2003;;33;Gut
29.05.2003;;30;Gut
30.05.2003;;30;Gut
31.05.2003;;30;Gut
01.06.2003;;30;Gut
02.06.2003;;30;Gut
03.06.2003;;28;Gut
04.06.2003;;28;Gut
05.06.2003;;27;Gut
06.06.2003;;26;Gut
07.06.2003;;25;Gut
08.06.2003;;24;Gut
09.06.2003;;23;Gut
10.06.2003;;22;Gut
11.06.2003;;19;Gut
12.06.2003;;20;Gut
13.06.2003;;24;Gut
14.06.2003;;24;Gut
15.06.2003;;24;Gut
16.06.2003;;24;Gut
17.06.2003;;23;Gut
18.06.2003;;23;Gut
19.06.2003;;23;Gut
20.06.2003;;26;Gut
21.06.2003;;28;Gut
22.06.2003;;29;Gut
23.06.2003;;30;Gut
24.06.2003;;32;Gut
25.06.2003;;31;Gut
26.06.2003;;31;Gut
27.06.2003;;32;Gut
28.06.2003;;26;Gut
29.06.2003;;24;Gut
30.06.2003;;24;Gut
01.07.2003;;24;Gut
02.07.2003;;24;Gut
03.07.2003;;32;Gut
04.07.2003;;35;Gut
05.07.2003;;35;Gut
06.07.2003;;35;Gut
07.07.2003;;35;Gut
08.07.2003;;32;Gut
09.07.2003;;28;Gut
10.07.2003;;32;Gut
11.07.2003;;34;Gut
12.07.2003;;35;Gut
13.07.2003;;36;Gut
14.07.2003;;37;Gut
15.07.2003;;37;Gut
16.07.2003;;38;Gut
17.07.2003;;41;Gut
18.07.2003;;41;Gut
19.07.2003;;42;Gut
20.07.2003;;42;Gut
21.07.2003;;41;Gut
22.07.2003;;40;Gut
23.07.2003;;40;Gut
24.07.2003;;40;Gut
25.07.2003;;40;Gut
26.07.2003;;40;Gut
27.07.2003;;40;Gut
28.07.2003;;54;Gut
29.07.2003;;48;Gut
30.07.2003;;46;Gut
31.07.2003;;46;Gut
01.08.2003;;46;Gut
02.08.2003;;46;Gut
03.08.2003;;46;Gut
04.08.2003;;46;Gut
05.08.2003;;43;Gut
06.08.2003;;40;Gut
07.08.2003;;40;Gut
08.08.2003;;40;Gut
09.08.2003;;40;Gut
10.08.2003;;41;Gut
11.08.2003;;41;Gut
12.08.2003;;40;Gut
13.08.2003;;48;Gut
14.08.2003;;36;Gut
15.08.2003;;36;Gut
16.08.2003;;36;Gut
17.08.2003;;35;Gut
18.08.2003;;34;Gut
19.08.2003;;34;Gut
20.08.2003;;33;Gut
21.08.2003;;33;Gut
22.08.2003;;36;Gut
23.08.2003;;36;Gut
24.08.2003;;36;Gut
25.08.2003;;38;Gut
26.08.2003;;38;Gut
27.08.2003;;38;Gut
28.08.2003;;38;Gut
29.08.2003;;40;Gut
30.08.2003;;41;Gut
31.08.2003;;41;Gut
01.09.2003;;40;Gut
02.09.2003;;40;Gut
03.09.2003;;42;Gut
04.09.2003;;42;Gut
05.09.2003;;42;Gut
06.09.2003;;42;Gut
07.09.2003;;42;Gut
08.09.2003;;40;Gut
09.09.2003;;40;Gut
10.09.2003;;40;Gut
11.09.2003;;44;Gut
12.09.2003;;41;Gut
13.09.2003;;41;Gut
14.09.2003;;41;Gut
15.09.2003;;41;Gut
16.09.2003;;41;Gut
17.09.2003;;42;Gut
18.09.2003;;42;Gut
19.09.2003;;42;Gut
20.09.2003;;41;Gut
21.09.2003;;40;Gut
22.09.2003;;40;Gut
23.09.2003;;39;Gut
24.09.2003;;39;Gut
25.09.2003;;39;Gut
26.09.2003;;37;Gut
27.09.2003;;37;Gut
28.09.2003;;37;Gut
29.09.2003;;37;Gut
30.09.2003;;37;Gut
01.10.2003;;37;Gut
02.10.2003;;36;Gut
03.10.2003;;36;Gut
04.10.2003;;36;Gut
05.10.2003;;36;Gut
06.10.2003;;46;Gut
07.10.2003;;47;Gut
08.10.2003;;47;Gut
09.10.2003;;47;Gut
10.10.2003;;47;Gut
11.10.2003;;43;Gut
12.10.2003;;43;Gut
13.10.2003;;43;Gut
14.10.2003;;43;Gut
15.10.2003;;43;Gut
16.10.2003;;44;Gut
17.10.2003;;44;Gut
18.10.2003;;44;Gut
19.10.2003;;44;Gut
20.10.2003;;44;Gut
21.10.2003;;44;Gut
22.10.2003;;44;Gut
23.10.2003;;42;Gut
24.10.2003;;42;Gut
25.10.2003;;44;Gut
26.10.2003;;45;Gut
27.10.2003;;44;Gut
28.10.2003;;44;Gut
29.10.2003;;44;Gut
30.10.2003;;45;Gut
31.10.2003;;45;Gut
01.11.2003;;45;Gut
02.11.2003;;44;Gut
03.11.2003;;44;Gut
04.11.2003;;42;Gut
05.11.2003;;42;Gut
06.11.2003;;48;Gut
07.11.2003;;46;Gut
08.11.2003;;38;Gut
09.11.2003;;38;Gut
10.11.2003;;38;Gut
11.11.2003;;38;Gut
12.11.2003;;37;Gut
13.11.2003;;36;Gut
14.11.2003;;36;Gut
15.11.2003;;36;Gut
16.11.2003;;36;Gut
17.11.2003;;38;Gut
18.11.2003;;36;Gut
19.11.2003;;38;Gut
20.11.2003;;37;Gut
21.11.2003;;35;Gut
22.11.2003;;35;Gut
23.11.2003;;35;Gut
24.11.2003;;35;Gut
25.11.2003;;34;Gut
26.11.2003;;34;Gut
27.11.2003;;38;Gut
28.11.2003;;38;Gut
29.11.2003;;38;Gut
30.11.2003;;42;Gut
01.12.2003;;40;Gut
02.12.2003;;40;Gut
03.12.2003;;40;Gut
04.12.2003;;40;Gut
05.12.2003;;40;Gut
06.12.2003;;40;Gut
07.12.2003;;40;Gut
08.12.2003;;40;Gut
09.12.2003;;40;Gut
10.12.2003;;40;Gut
11.12.2003;;40;Gut
12.12.2003;;40;Gut
13.12.2003;;38;Gut
14.12.2003;;38;Gut
15.12.2003;;45;Gut
16.12.2003;;32;Gut
17.12.2003;;32;Gut
18.12.2003;;30;Gut
19.12.2003;;28;Gut
20.12.2003;;28;Gut
21.12.2003;;32;Gut
22.12.2003;;30;Gut
23.12.2003;;28;Gut
24.12.2003;;28;Gut
25.12.2003;;28;Gut
26.12.2003;;28;Gut
27.12.2003;;28;Gut
28.12.2003;;29;Gut
29.12.2003;;29;Gut
30.12.2003;;28;Gut
31.12.2003;;28;Gut
01.01.2004;;28;Gut
02.01.2004;;28;Gut
03.01.2004;;26;Gut
04.01.2004;;25;Gut
05.01.2004;;25;Gut
06.01.2004;;24;Gut
07.01.2004;;25;Gut
08.01.2004;;25;Gut
09.01.2004;;25;Gut
10.01.2004;;25;Gut
11.01.2004;;25;Gut
12.01.2004;;34;Gut
13.01.2004;;35;Gut
14.01.2004;;36;Gut
15.01.2004;;36;Gut
16.01.2004;;38;Gut
17.01.2004;;40;Gut
18.01.2004;;41;Gut
19.01.2004;;41;Gut
20.01.2004;;42;Gut
21.01.2004;;60;Gut
22.01.2004;;44;Gut
23.01.2004;;44;Gut
24.01.2004;;38;Gut
25.01.2004;;36;Gut
26.01.2004;;36;Gut
27.01.2004;;34;Gut
28.01.2004;;32;Gut
29.01.2004;;32;Gut
30.01.2004;;30;Gut
31.01.2004;;30;Gut
01.02.2004;;32;Gut
02.02.2004;;44;Gut
03.02.2004;;46;Gut
04.02.2004;;48;Gut
05.02.2004;;48;Gut
06.02.2004;;44;Gut
07.02.2004;;46;Gut
08.02.2004;;45;Gut
09.02.2004;;45;Gut
10.02.2004;;48;Gut
11.02.2004;;48;Gut
12.02.2004;;48;Gut
13.02.2004;;46;Gut
14.02.2004;;49;Gut
15.02.2004;;46;Gut
16.02.2004;;46;Gut
17.02.2004;;45;Gut
18.02.2004;;44;Gut
19.02.2004;;43;Gut
20.02.2004;;42;Gut
21.02.2004;;40;Gut
22.02.2004;;40;Gut
23.02.2004;;40;Gut
24.02.2004;;40;Gut
25.02.2004;;40;Gut
26.02.2004;;37;Gut
27.02.2004;;37;Gut
28.02.2004;;36;Gut
29.02.2004;;36;Gut
01.03.2004;;34;Gut
02.03.2004;;34;Gut
03.03.2004;;35;Gut
04.03.2004;;36;Gut
05.03.2004;;36;Gut
06.03.2004;;36;Gut
07.03.2004;;36;Gut
08.03.2004;;33;Gut
09.03.2004;;33;Gut
10.03.2004;;32;Gut
11.03.2004;;32;Gut
12.03.2004;;32;Gut
13.03.2004;;30;Gut
14.03.2004;;30;Gut
15.03.2004;;30;Gut
16.03.2004;;30;Gut
17.03.2004;;30;Gut
18.03.2004;;30;Gut
19.03.2004;;32;Gut
20.03.2004;;32;Gut
21.03.2004;;40;Gut
22.03.2004;;40;Gut
23.03.2004;;40;Gut
24.03.2004;;38;Gut
25.03.2004;;38;Gut
26.03.2004;;38;Gut
27.03.2004;;36;Gut
28.03.2004;;36;Gut
29.03.2004;;36;Gut
30.03.2004;;36;Gut
31.03.2004;;36;Gut
01.04.2004;;34;Gut
02.04.2004;;34;Gut
03.04.2004;;34;Gut
04.04.2004;;32;Gut
05.04.2004;;32;Gut
06.04.2004;;32;Gut
07.04.2004;;32;Gut
08.04.2004;;32;Gut
09.04.2004;;32;Gut
10.04.2004;;34;Gut
11.04.2004;;34;Gut
12.04.2004;;32;Gut
13.04.2004;;32;Gut
14.04.2004;;32;Gut
15.04.2004;;32;Gut
16.04.2004;;32;Gut
17.04.2004;;30;Gut
18.04.2004;;30;Gut
19.04.2004;;30;Gut
20.04.2004;;30;Gut
21.04.2004;;30;Gut
22.04.2004;;30;Gut
23.04.2004;;28;Gut
24.04.2004;;26;Gut
25.04.2004;;26;Gut
26.04.2004;;26;Gut
27.04.2004;;26;Gut
28.04.2004;;26;Gut
29.04.2004;;26;Gut
30.04.2004;;26;Gut
01.05.2004;;25;Gut
02.05.2004;;25;Gut
03.05.2004;;25;Gut
04.05.2004;;34;Gut
05.05.2004;;34;Gut
06.05.2004;;36;Gut
07.05.2004;;38;Gut
08.05.2004;;37;Gut
09.05.2004;;37;Gut
10.05.2004;;37;Gut
11.05.2004;;38;Gut
12.05.2004;;38;Gut
13.05.2004;;38;Gut
14.05.2004;;38;Gut
15.05.2004;;38;Gut
16.05.2004;;38;Gut
17.05.2004;;38;Gut
18.05.2004;;38;Gut
19.05.2004;;38;Gut
20.05.2004;;36;Gut
21.05.2004;;36;Gut
22.05.2004;;36;Gut
23.05.2004;;36;Gut
24.05.2004;;36;Gut
25.05.2004;;36;Gut
26.05.2004;;36;Gut
27.05.2004;;36;Gut
28.05.2004;;36;Gut
29.05.2004;;36;Gut
30.05.2004;;36;Gut
31.05.2004;;36;Gut
01.06.2004;;36;Gut
02.06.2004;;36;Gut
03.06.2004;;36;Gut
04.06.2004;;36;Gut
05.06.2004;;36;Gut
06.06.2004;;36;Gut
07.06.2004;;36;Gut
08.06.2004;;36;Gut
09.06.2004;;36;Gut
10.06.2004;;36;Gut
11.06.2004;;36;Gut
12.06.2004;;38;Gut
13.06.2004;;38;Gut
14.06.2004;;38;Gut
15.06.2004;;38;Gut
16.06.2004;;38;Gut
17.06.2004;;38;Gut
18.06.2004;;40;Gut
19.06.2004;;42;Gut
20.06.2004;;42;Gut
21.06.2004;;42;Gut
22.06.2004;;42;Gut
23.06.2004;;42;Gut
24.06.2004;;46;Gut
25.06.2004;;46;Gut
26.06.2004;;46;Gut
27.06.2004;;46;Gut
28.06.2004;;44;Gut
29.06.2004;;44;Gut
30.06.2004;;44;Gut
01.07.2004;;44;Gut
02.07.2004;;44;Gut
03.07.2004;;44;Gut
04.07.2004;;44;Gut
05.07.2004;;42;Gut
06.07.2004;;42;Gut
07.07.2004;;42;Gut
08.07.2004;;40;Gut
09.07.2004;;40;Gut
10.07.2004;;42;Gut
11.07.2004;;48;Gut
12.07.2004;;48;Gut
13.07.2004;;48;Gut
14.07.2004;;46;Gut
15.07.2004;;46;Gut
16.07.2004;;46;Gut
17.07.2004;;46;Gut
18.07.2004;;46;Gut
19.07.2004;;48;Gut
20.07.2004;;48;Gut
21.07.2004;;48;Gut
22.07.2004;;48;Gut
23.07.2004;;54;Gut
24.07.2004;;54;Gut
25.07.2004;;56;Gut
26.07.2004;;56;Gut
27.07.2004;;58;Gut
28.07.2004;;52;Gut
29.07.2004;;50;Gut
30.07.2004;;49;Gut
31.07.2004;;48;Gut
01.08.2004;;44;Gut
02.08.2004;;39;Gut
03.08.2004;;45;Gut
04.08.2004;;45;Gut
05.08.2004;;43;Gut
06.08.2004;;43;Gut
07.08.2004;;44;Gut
08.08.2004;;44;Gut
09.08.2004;;42;Gut
10.08.2004;;42;Gut
11.08.2004;;42;Gut
12.08.2004;;42;Gut
13.08.2004;;50;Gut
14.08.2004;;50;Gut
15.08.2004;;48;Gut
16.08.2004;;48;Gut
17.08.2004;;46;Gut
18.08.2004;;42;Gut
19.08.2004;;40;Gut
20.08.2004;;40;Gut
21.08.2004;;44;Gut
22.08.2004;;42;Gut
23.08.2004;;42;Gut
24.08.2004;;42;Gut
25.08.2004;;42;Gut
26.08.2004;;42;Gut
27.08.2004;;42;Gut
28.08.2004;;44;Gut
29.08.2004;;44;Gut
30.08.2004;;42;Gut
31.08.2004;;42;Gut
01.09.2004;;44;Gut
02.09.2004;;44;Gut
03.09.2004;;42;Gut
04.09.2004;;40;Gut
05.09.2004;;40;Gut
06.09.2004;;40;Gut
07.09.2004;;40;Gut
08.09.2004;;40;Gut
09.09.2004;;40;Gut
10.09.2004;;40;Gut
11.09.2004;;40;Gut
12.09.2004;;40;Gut
13.09.2004;;40;Gut
14.09.2004;;38;Gut
15.09.2004;;38;Gut
16.09.2004;;38;Gut
17.09.2004;;36;Gut
18.09.2004;;34;Gut
19.09.2004;;32;Gut
20.09.2004;;30;Gut
21.09.2004;;40;Gut
22.09.2004;;32;Gut
23.09.2004;;34;Gut
24.09.2004;;41;Gut
25.09.2004;;44;Gut
26.09.2004;;42;Gut
27.09.2004;;46;Gut
28.09.2004;;46;Gut
29.09.2004;;50;Gut
30.09.2004;;46;Gut
01.10.2004;;43;Gut
02.10.2004;;42;Gut
03.10.2004;;42;Gut
04.10.2004;;42;Gut
05.10.2004;;42;Gut
06.10.2004;;42;Gut
07.10.2004;;40;Gut
08.10.2004;;40;Gut
09.10.2004;;38;Gut
10.10.2004;;38;Gut
11.10.2004;;36;Gut
12.10.2004;;34;Gut
13.10.2004;;34;Gut
14.10.2004;;32;Gut
15.10.2004;;30;Gut
16.10.2004;;32;Gut
17.10.2004;;32;Gut
18.10.2004;;35;Gut
19.10.2004;;38;Gut
20.10.2004;;42;Gut
21.10.2004;;44;Gut
22.10.2004;;44;Gut
23.10.2004;;42;Gut
24.10.2004;;42;Gut
25.10.2004;;42;Gut
26.10.2004;;42;Gut
27.10.2004;;42;Gut
28.10.2004;;44;Gut
29.10.2004;;44;Gut
30.10.2004;;48;Gut
31.10.2004;;48;Gut
01.11.2004;;48;Gut
02.11.2004;;46;Gut
03.11.2004;;46;Gut
04.11.2004;;46;Gut
05.11.2004;;46;Gut
06.11.2004;;52;Gut
07.11.2004;;52;Gut
08.11.2004;;50;Gut
09.11.2004;;52;Gut
10.11.2004;;56;Gut
11.11.2004;;54;Gut
12.11.2004;;54;Gut
13.11.2004;;56;Gut
14.11.2004;;56;Gut
15.11.2004;;55;Gut
16.11.2004;;53;Gut
17.11.2004;;58;Gut
18.11.2004;;62;Gut
19.11.2004;;70;Gut
20.11.2004;;72;Gut
21.11.2004;;70;Gut
22.11.2004;;70;Gut
23.11.2004;;54;Gut
24.11.2004;;44;Gut
25.11.2004;;42;Gut
26.11.2004;;40;Gut
27.11.2004;;38;Gut
28.11.2004;;38;Gut
29.11.2004;;42;Gut
30.11.2004;;42;Gut
01.12.2004;;42;Gut
02.12.2004;;42;Gut
03.12.2004;;42;Gut
04.12.2004;;42;Gut
05.12.2004;;41;Gut
06.12.2004;;41;Gut
07.12.2004;;41;Gut
08.12.2004;;40;Gut
09.12.2004;;40;Gut
10.12.2004;;40;Gut
11.12.2004;;38;Gut
12.12.2004;;38;Gut
13.12.2004;;38;Gut
14.12.2004;;46;Gut
15.12.2004;;42;Gut
16.12.2004;;42;Gut
17.12.2004;;42;Gut
18.12.2004;;44;Gut
19.12.2004;;44;Gut
20.12.2004;;44;Gut
21.12.2004;;44;Gut
22.12.2004;;44;Gut
23.12.2004;;44;Gut
24.12.2004;;54;Gut
25.12.2004;;54;Gut
26.12.2004;;52;Gut
27.12.2004;;55;Gut
28.12.2004;;55;Gut
29.12.2004;;54;Gut
30.12.2004;;60;Gut
31.12.2004;;56;Gut
01.01.2005;;55;Gut
02.01.2005;;55;Gut
03.01.2005;;55;Gut
04.01.2005;;56;Gut
05.01.2005;;56;Gut
06.01.2005;;56;Gut
07.01.2005;;56;Gut
08.01.2005;;55;Gut
09.01.2005;;54;Gut
10.01.2005;;53;Gut
11.01.2005;;52;Gut
12.01.2005;;44;Gut
13.01.2005;;44;Gut
14.01.2005;;44;Gut
15.01.2005;;44;Gut
16.01.2005;;44;Gut
17.01.2005;;44;Gut
18.01.2005;;38;Gut
19.01.2005;;40;Gut
20.01.2005;;40;Gut
21.01.2005;;42;Gut
22.01.2005;;50;Gut
23.01.2005;;45;Gut
24.01.2005;;42;Gut
25.01.2005;;40;Gut
26.01.2005;;40;Gut
27.01.2005;;38;Gut
28.01.2005;;40;Gut
29.01.2005;;40;Gut
30.01.2005;;38;Gut
31.01.2005;;38;Gut
01.02.2005;;38;Gut
02.02.2005;;38;Gut
03.02.2005;;38;Gut
04.02.2005;;40;Gut
05.02.2005;;38;Gut
06.02.2005;;38;Gut
07.02.2005;;32;Gut
08.02.2005;;30;Gut
09.02.2005;;29;Gut
10.02.2005;;28;Gut
11.02.2005;;30;Gut
12.02.2005;;32;Gut
13.02.2005;;50;Gut
14.02.2005;;52;Gut
15.02.2005;;50;Gut
16.02.2005;;50;Gut
17.02.2005;;49;Gut
18.02.2005;;47;Gut
19.02.2005;;46;Gut
20.02.2005;;44;Gut
21.02.2005;;44;Gut
22.02.2005;;42;Gut
23.02.2005;;42;Gut
24.02.2005;;42;Gut
25.02.2005;;40;Gut
26.02.2005;;40;Gut
27.02.2005;;40;Gut
28.02.2005;;39;Gut
01.03.2005;;37;Gut
02.03.2005;;35;Gut
03.03.2005;;35;Gut
04.03.2005;;35;Gut
05.03.2005;;35;Gut
06.03.2005;;33;Gut
07.03.2005;;33;Gut
08.03.2005;;32;Gut
09.03.2005;;32;Gut
10.03.2005;;32;Gut
11.03.2005;;40;Gut
12.03.2005;;40;Gut
13.03.2005;;41;Gut
14.03.2005;;40;Gut
15.03.2005;;40;Gut
16.03.2005;;42;Gut
17.03.2005;;40;Gut
18.03.2005;;39;Gut
19.03.2005;;39;Gut
20.03.2005;;37;Gut
21.03.2005;;36;Gut
22.03.2005;;36;Gut
23.03.2005;;35;Gut
24.03.2005;;35;Gut
25.03.2005;;35;Gut
26.03.2005;;35;Gut
27.03.2005;;42;Gut
28.03.2005;;45;Gut
29.03.2005;;42;Gut
30.03.2005;;40;Gut
31.03.2005;;39;Gut
01.04.2005;;40;Gut
02.04.2005;;40;Gut
03.04.2005;;40;Gut
04.04.2005;;40;Gut
05.04.2005;;52;Gut
06.04.2005;;52;Gut
07.04.2005;;54;Gut
08.04.2005;;54;Gut
09.04.2005;;54;Gut
10.04.2005;;54;Gut
11.04.2005;;52;Gut
12.04.2005;;52;Gut
13.04.2005;;52;Gut
14.04.2005;;52;Gut
15.04.2005;;52;Gut
16.04.2005;;52;Gut
17.04.2005;;53;Gut
18.04.2005;;53;Gut
19.04.2005;;50;Gut
20.04.2005;;50;Gut
21.04.2005;;52;Gut
22.04.2005;;52;Gut
23.04.2005;;50;Gut
24.04.2005;;50;Gut
25.04.2005;;50;Gut
26.04.2005;;50;Gut
27.04.2005;;48;Gut
28.04.2005;;48;Gut
29.04.2005;;48;Gut
30.04.2005;;48;Gut
01.05.2005;;48;Gut
02.05.2005;;46;Gut
03.05.2005;;44;Gut
04.05.2005;;44;Gut
05.05.2005;;30;Gut
06.05.2005;;28;Gut
07.05.2005;;36;Gut
08.05.2005;;38;Gut
09.05.2005;;40;Gut
10.05.2005;;46;Gut
11.05.2005;;46;Gut
12.05.2005;;48;Gut
13.05.2005;;48;Gut
14.05.2005;;46;Gut
15.05.2005;;50;Gut
16.05.2005;;50;Gut
17.05.2005;;55;Gut
18.05.2005;;55;Gut
19.05.2005;;55;Gut
20.05.2005;;55;Gut
21.05.2005;;55;Gut
22.05.2005;;55;Gut
23.05.2005;;54;Gut
24.05.2005;;56;Gut
25.05.2005;;62;Gut
26.05.2005;;50;Gut
27.05.2005;;52;Gut
28.05.2005;;52;Gut
29.05.2005;;50;Gut
30.05.2005;;50;Gut
31.05.2005;;50;Gut
01.06.2005;;50;Gut
02.06.2005;;32;Gut
03.06.2005;;30;Gut
04.06.2005;;36;Gut
05.06.2005;;42;Gut
06.06.2005;;36;Gut
07.06.2005;;35;Gut
08.06.2005;;35;Gut
09.06.2005;;35;Gut
10.06.2005;;50;Gut
11.06.2005;;36;Gut
12.06.2005;;35;Gut
13.06.2005;;35;Gut
14.06.2005;;34;Gut
15.06.2005;;35;Gut
16.06.2005;;35;Gut
17.06.2005;;35;Gut
18.06.2005;;35;Gut
19.06.2005;;34;Gut
20.06.2005;;34;Gut
21.06.2005;;34;Gut
22.06.2005;;36;Gut
23.06.2005;;34;Gut
24.06.2005;;36;Gut
25.06.2005;;35;Gut
26.06.2005;;35;Gut
27.06.2005;;35;Gut
28.06.2005;;35;Gut
29.06.2005;;35;Gut
30.06.2005;;35;Gut
01.07.2005;;35;Gut
02.07.2005;;35;Gut
03.07.2005;;35;Gut
04.07.2005;;35;Gut
05.07.2005;;35;Gut
06.07.2005;;38;Gut
07.07.2005;;36;Gut
08.07.2005;;38;Gut
09.07.2005;;38;Gut
10.07.2005;;42;Gut
11.07.2005;;40;Gut
12.07.2005;;38;Gut
13.07.2005;;38;Gut
14.07.2005;;38;Gut
15.07.2005;;36;Gut
16.07.2005;;36;Gut
17.07.2005;;36;Gut
18.07.2005;;36;Gut
19.07.2005;;36;Gut
20.07.2005;;36;Gut
21.07.2005;;36;Gut
22.07.2005;;44;Gut
23.07.2005;;54;Gut
24.07.2005;;54;Gut
25.07.2005;;50;Gut
26.07.2005;;46;Gut
27.07.2005;;46;Gut
28.07.2005;;42;Gut
29.07.2005;;42;Gut
30.07.2005;;84;Gut
31.07.2005;;84;Gut
01.08.2005;;78;Gut
02.08.2005;;68;Gut
03.08.2005;;60;Gut
04.08.2005;;72;Gut
05.08.2005;;66;Gut
06.08.2005;;66;Gut
07.08.2005;;66;Gut
08.08.2005;;65;Gut
09.08.2005;;62;Gut
10.08.2005;;60;Gut
11.08.2005;;60;Gut
12.08.2005;;58;Gut
13.08.2005;;60;Gut
14.08.2005;;58;Gut
15.08.2005;;58;Gut
16.08.2005;;56;Gut
17.08.2005;;62;Gut
18.08.2005;;60;Gut
19.08.2005;;50;Gut
20.08.2005;;46;Gut
21.08.2005;;64;Gut
22.08.2005;;80;Gut
23.08.2005;;82;Gut
24.08.2005;;90;Gut
25.08.2005;;88;Gut
26.08.2005;;88;Gut
27.08.2005;;84;Gut
28.08.2005;;78;Gut
29.08.2005;;72;Gut
30.08.2005;;69;Gut
31.08.2005;;62;Gut
01.09.2005;;58;Gut
02.09.2005;;54;Gut
03.09.2005;;40;Gut
04.09.2005;;50;Gut
05.09.2005;;52;Gut
06.09.2005;;50;Gut
07.09.2005;;48;Gut
08.09.2005;;46;Gut
09.09.2005;;46;Gut
10.09.2005;;46;Gut
11.09.2005;;54;Gut
12.09.2005;;54;Gut
13.09.2005;;54;Gut
14.09.2005;;54;Gut
15.09.2005;;52;Gut
16.09.2005;;56;Gut
17.09.2005;;66;Gut
18.09.2005;;66;Gut
19.09.2005;;64;Gut
20.09.2005;;62;Gut
21.09.2005;;62;Gut
22.09.2005;;60;Gut
23.09.2005;;58;Gut
24.09.2005;;56;Gut
25.09.2005;;54;Gut
26.09.2005;;54;Gut
27.09.2005;;53;Gut
28.09.2005;;48;Gut
29.09.2005;;38;Gut
30.09.2005;;54;Gut
01.10.2005;;48;Gut
02.10.2005;;50;Gut
03.10.2005;;52;Gut
04.10.2005;;50;Gut
05.10.2005;;48;Gut
06.10.2005;;50;Gut
07.10.2005;;50;Gut
08.10.2005;;50;Gut
09.10.2005;;48;Gut
10.10.2005;;42;Gut
11.10.2005;;38;Gut
12.10.2005;;38;Gut
13.10.2005;;52;Gut
14.10.2005;;54;Gut
15.10.2005;;54;Gut
16.10.2005;;52;Gut
17.10.2005;;50;Gut
18.10.2005;;48;Gut
19.10.2005;;46;Gut
20.10.2005;;46;Gut
21.10.2005;;46;Gut
22.10.2005;;46;Gut
23.10.2005;;48;Gut
24.10.2005;;54;Gut
25.10.2005;;58;Gut
26.10.2005;;58;Gut
27.10.2005;;56;Gut
28.10.2005;;48;Gut
29.10.2005;;52;Gut
30.10.2005;;52;Gut
31.10.2005;;50;Gut
01.11.2005;;54;Gut
02.11.2005;;38;Gut
03.11.2005;;38;Gut
04.11.2005;;46;Gut
05.11.2005;;46;Gut
06.11.2005;;46;Gut
07.11.2005;;46;Gut
08.11.2005;;40;Gut
09.11.2005;;48;Gut
10.11.2005;;48;Gut
11.11.2005;;48;Gut
12.11.2005;;48;Gut
13.11.2005;;48;Gut
14.11.2005;;46;Gut
15.11.2005;;42;Gut
16.11.2005;;42;Gut
17.11.2005;;46;Gut
18.11.2005;;46;Gut
19.11.2005;;45;Gut
20.11.2005;;45;Gut
21.11.2005;;44;Gut
22.11.2005;;42;Gut
23.11.2005;;42;Gut
24.11.2005;;42;Gut
25.11.2005;;42;Gut
26.11.2005;;44;Gut
27.11.2005;;48;Gut
28.11.2005;;48;Gut
29.11.2005;;46;Gut
30.11.2005;;46;Gut
01.12.2005;;40;Gut
02.12.2005;;36;Gut
03.12.2005;;36;Gut
04.12.2005;;36;Gut
05.12.2005;;36;Gut
06.12.2005;;38;Gut
07.12.2005;;38;Gut
08.12.2005;;38;Gut
09.12.2005;;42;Gut
10.12.2005;;42;Gut
11.12.2005;;42;Gut
12.12.2005;;40;Gut
13.12.2005;;42;Gut
14.12.2005;;42;Gut
15.12.2005;;40;Gut
16.12.2005;;36;Gut
17.12.2005;;46;Gut
18.12.2005;;46;Gut
19.12.2005;;46;Gut
20.12.2005;;46;Gut
21.12.2005;;48;Gut
22.12.2005;;48;Gut
23.12.2005;;48;Gut
24.12.2005;;48;Gut
25.12.2005;;48;Gut
26.12.2005;;46;Gut
27.12.2005;;46;Gut
28.12.2005;;44;Gut
29.12.2005;;44;Gut
30.12.2005;;38;Gut
31.12.2005;;42;Gut
01.01.2006;;42;Gut
02.01.2006;;42;Gut
03.01.2006;;46;Gut
04.01.2006;;44;Gut
05.01.2006;;44;Gut
06.01.2006;;44;Gut
07.01.2006;;44;Gut
08.01.2006;;44;Gut
09.01.2006;;44;Gut
10.01.2006;;42;Gut
11.01.2006;;42;Gut
12.01.2006;;40;Gut
13.01.2006;;40;Gut
14.01.2006;;40;Gut
15.01.2006;;42;Gut
16.01.2006;;40;Gut
17.01.2006;;40;Gut
18.01.2006;;40;Gut
19.01.2006;;40;Gut
20.01.2006;;40;Gut
21.01.2006;;44;Gut
22.01.2006;;48;Gut
23.01.2006;;44;Gut
24.01.2006;;42;Gut
25.01.2006;;40;Gut
26.01.2006;;40;Gut
27.01.2006;;40;Gut
28.01.2006;;38;Gut
29.01.2006;;36;Gut
30.01.2006;;36;Gut
31.01.2006;;36;Gut
01.02.2006;;38;Gut
02.02.2006;;40;Gut
03.02.2006;;40;Gut
04.02.2006;;40;Gut
05.02.2006;;40;Gut
06.02.2006;;40;Gut
07.02.2006;;44;Gut
08.02.2006;;62;Gut
09.02.2006;;56;Gut
10.02.2006;;50;Gut
11.02.2006;;50;Gut
12.02.2006;;50;Gut
13.02.2006;;48;Gut
14.02.2006;;48;Gut
15.02.2006;;46;Gut
16.02.2006;;46;Gut
17.02.2006;;48;Gut
18.02.2006;;58;Gut
19.02.2006;;58;Gut
20.02.2006;;56;Gut
21.02.2006;;55;Gut
22.02.2006;;54;Gut
23.02.2006;;52;Gut
24.02.2006;;51;Gut
25.02.2006;;50;Gut
26.02.2006;;48;Gut
27.02.2006;;48;Gut
28.02.2006;;48;Gut
01.03.2006;;46;Gut
02.03.2006;;46;Gut
03.03.2006;;46;Gut
04.03.2006;;45;Gut
05.03.2006;;44;Gut
06.03.2006;;45;Gut
07.03.2006;;46;Gut
08.03.2006;;46;Gut
09.03.2006;;46;Gut
10.03.2006;;46;Gut
11.03.2006;;45;Gut
12.03.2006;;45;Gut
13.03.2006;;45;Gut
14.03.2006;;43;Gut
15.03.2006;;43;Gut
16.03.2006;;42;Gut
17.03.2006;;40;Gut
18.03.2006;;40;Gut
19.03.2006;;42;Gut
20.03.2006;;42;Gut
21.03.2006;;45;Gut
22.03.2006;;45;Gut
23.03.2006;;50;Gut
24.03.2006;;50;Gut
25.03.2006;;52;Gut
26.03.2006;;54;Gut
27.03.2006;;58;Gut
28.03.2006;;60;Gut
29.03.2006;;56;Gut
30.03.2006;;56;Gut
31.03.2006;;58;Gut
01.04.2006;;58;Gut
02.04.2006;;54;Gut
03.04.2006;;52;Gut
04.04.2006;;52;Gut
05.04.2006;;54;Gut
06.04.2006;;50;Gut
07.04.2006;;46;Gut
08.04.2006;;44;Gut
09.04.2006;;42;Gut
10.04.2006;;38;Gut
11.04.2006;;36;Gut
12.04.2006;;36;Gut
13.04.2006;;36;Gut
14.04.2006;;36;Gut
15.04.2006;;38;Gut
16.04.2006;;38;Gut
17.04.2006;;36;Gut
18.04.2006;;36;Gut
19.04.2006;;36;Gut
20.04.2006;;38;Gut
21.04.2006;;38;Gut
22.04.2006;;42;Gut
23.04.2006;;46;Gut
24.04.2006;;46;Gut
25.04.2006;;44;Gut
26.04.2006;;42;Gut
27.04.2006;;41;Gut
28.04.2006;;42;Gut
29.04.2006;;42;Gut
30.04.2006;;42;Gut
01.05.2006;;40;Gut
02.05.2006;;40;Gut
03.05.2006;;40;Gut
04.05.2006;;40;Gut
05.05.2006;;36;Gut
06.05.2006;;38;Gut
07.05.2006;;40;Gut
08.05.2006;;40;Gut
09.05.2006;;38;Gut
10.05.2006;;38;Gut
11.05.2006;;36;Gut
12.05.2006;;36;Gut
13.05.2006;;35;Gut
14.05.2006;;33;Gut
15.05.2006;;30;Gut
16.05.2006;;30;Gut
17.05.2006;;30;Gut
18.05.2006;;32;Gut
19.05.2006;;34;Gut
20.05.2006;;34;Gut
21.05.2006;;34;Gut
22.05.2006;;34;Gut
23.05.2006;;36;Gut
24.05.2006;;36;Gut
25.05.2006;;36;Gut
26.05.2006;;38;Gut
27.05.2006;;38;Gut
28.05.2006;;40;Gut
29.05.2006;;49;Gut
30.05.2006;;39;Gut
31.05.2006;;39;Gut
01.06.2006;;40;Gut
02.06.2006;;40;Gut
03.06.2006;;40;Gut
04.06.2006;;40;Gut
05.06.2006;;40;Gut
06.06.2006;;40;Gut
07.06.2006;;39;Gut
08.06.2006;;39;Gut
09.06.2006;;39;Gut
10.06.2006;;38;Gut
11.06.2006;;38;Gut
12.06.2006;;36;Gut
13.06.2006;;36;Gut
14.06.2006;;34;Gut
15.06.2006;;34;Gut
16.06.2006;;34;Gut
17.06.2006;;34;Gut
18.06.2006;;34;Gut
19.06.2006;;34;Gut
20.06.2006;;32;Gut
21.06.2006;;32;Gut
22.06.2006;;30;Gut
23.06.2006;;30;Gut
24.06.2006;;28;Gut
25.06.2006;;28;Gut
26.06.2006;;26;Gut
27.06.2006;;25;Gut
28.06.2006;;23;Gut
29.06.2006;;22;Gut
30.06.2006;;22;Gut
01.07.2006;;20;Gut
02.07.2006;;20;Gut
03.07.2006;;20;Gut
04.07.2006;;20;Gut
05.07.2006;;20;Gut
06.07.2006;;20;Gut
07.07.2006;;22;Gut
08.07.2006;;22;Gut
09.07.2006;;22;Gut
10.07.2006;;23;Gut
11.07.2006;;24;Gut
12.07.2006;;24;Gut
13.07.2006;;23;Gut
14.07.2006;;23;Gut
15.07.2006;;24;Gut
16.07.2006;;24;Gut
17.07.2006;;24;Gut
18.07.2006;;28;Gut
19.07.2006;;28;Gut
20.07.2006;;24;Gut
21.07.2006;;22;Gut
22.07.2006;;22;Gut
23.07.2006;;20;Gut
24.07.2006;;20;Gut
25.07.2006;;20;Gut
26.07.2006;;26;Gut
27.07.2006;;32;Gut
28.07.2006;;32;Gut
29.07.2006;;38;Gut
30.07.2006;;38;Gut
31.07.2006;;40;Gut
01.08.2006;;40;Gut
02.08.2006;;40;Gut
03.08.2006;;40;Gut
04.08.2006;;40;Gut
05.08.2006;;42;Gut
06.08.2006;;45;Gut
07.08.2006;;42;Gut
08.08.2006;;42;Gut
09.08.2006;;40;Gut
10.08.2006;;40;Gut
11.08.2006;;40;Gut
12.08.2006;;40;Gut
13.08.2006;;42;Gut
14.08.2006;;42;Gut
15.08.2006;;42;Gut
16.08.2006;;42;Gut
17.08.2006;;36;Gut
18.08.2006;;30;Gut
19.08.2006;;30;Gut
20.08.2006;;40;Gut
21.08.2006;;44;Gut
22.08.2006;;46;Gut
23.08.2006;;46;Gut
24.08.2006;;48;Gut
25.08.2006;;48;Gut
26.08.2006;;50;Gut
27.08.2006;;48;Gut
28.08.2006;;48;Gut
29.08.2006;;48;Gut
30.08.2006;;50;Gut
31.08.2006;;52;Gut
01.09.2006;;50;Gut
02.09.2006;;48;Gut
03.09.2006;;48;Gut
04.09.2006;;48;Gut
05.09.2006;;46;Gut
06.09.2006;;44;Gut
07.09.2006;;45;Gut
08.09.2006;;45;Gut
09.09.2006;;45;Gut
10.09.2006;;45;Gut
11.09.2006;;45;Gut
12.09.2006;;45;Gut
13.09.2006;;45;Gut
14.09.2006;;44;Gut
15.09.2006;;44;Gut
16.09.2006;;44;Gut
17.09.2006;;44;Gut
18.09.2006;;42;Gut
19.09.2006;;42;Gut
20.09.2006;;42;Gut
21.09.2006;;42;Gut
22.09.2006;;42;Gut
23.09.2006;;42;Gut
24.09.2006;;42;Gut
25.09.2006;;42;Gut
26.09.2006;;42;Gut
27.09.2006;;42;Gut
28.09.2006;;43;Gut
29.09.2006;;43;Gut
30.09.2006;;43;Gut
01.10.2006;;42;Gut
02.10.2006;;42;Gut
03.10.2006;;42;Gut
04.10.2006;;42;Gut
05.10.2006;;42;Gut
06.10.2006;;42;Gut
07.10.2006;;42;Gut
08.10.2006;;42;Gut
09.10.2006;;40;Gut
10.10.2006;;39;Gut
11.10.2006;;38;Gut
12.10.2006;;38;Gut
13.10.2006;;40;Gut
14.10.2006;;40;Gut
15.10.2006;;38;Gut
16.10.2006;;38;Gut
17.10.2006;;37;Gut
18.10.2006;;35;Gut
19.10.2006;;35;Gut
20.10.2006;;35;Gut
21.10.2006;;35;Gut
22.10.2006;;35;Gut
23.10.2006;;36;Gut
24.10.2006;;36;Gut
25.10.2006;;36;Gut
26.10.2006;;36;Gut
27.10.2006;;35;Gut
28.10.2006;;35;Gut
29.10.2006;;38;Gut
30.10.2006;;38;Gut
31.10.2006;;38;Gut
01.11.2006;;38;Gut
02.11.2006;;40;Gut
03.11.2006;;36;Gut
04.11.2006;;37;Gut
05.11.2006;;39;Gut
06.11.2006;;39;Gut
07.11.2006;;39;Gut
08.11.2006;;39;Gut
09.11.2006;;39;Gut
10.11.2006;;39;Gut
11.11.2006;;39;Gut
12.11.2006;;40;Gut
13.11.2006;;40;Gut
14.11.2006;;40;Gut
15.11.2006;;40;Gut
16.11.2006;;39;Gut
17.11.2006;;39;Gut
18.11.2006;;39;Gut
19.11.2006;;39;Gut
20.11.2006;;39;Gut
21.11.2006;;39;Gut
22.11.2006;;39;Gut
23.11.2006;;39;Gut
24.11.2006;;41;Gut
25.11.2006;;42;Gut
26.11.2006;;42;Gut
27.11.2006;;41;Gut
28.11.2006;;40;Gut
29.11.2006;;40;Gut
30.11.2006;;40;Gut
01.12.2006;;40;Gut
02.12.2006;;40;Gut
03.12.2006;;40;Gut
04.12.2006;;40;Gut
05.12.2006;;40;Gut
06.12.2006;;40;Gut
07.12.2006;;40;Gut
08.12.2006;;39;Gut
09.12.2006;;39;Gut
10.12.2006;;39;Gut
11.12.2006;;39;Gut
12.12.2006;;39;Gut
13.12.2006;;42;Gut
14.12.2006;;42;Gut
15.12.2006;;42;Gut
16.12.2006;;42;Gut
17.12.2006;;42;Gut
18.12.2006;;42;Gut
19.12.2006;;42;Gut
20.12.2006;;45;Gut
21.12.2006;;45;Gut
22.12.2006;;45;Gut
23.12.2006;;45;Gut
24.12.2006;;44;Gut
25.12.2006;;44;Gut
26.12.2006;;44;Gut
27.12.2006;;44;Gut
28.12.2006;;44;Gut
29.12.2006;;44;Gut
30.12.2006;;44;Gut
31.12.2006;;46;Gut
01.01.2007;;44;Gut
02.01.2007;;44;Gut
03.01.2007;;44;Gut
04.01.2007;;46;Gut
05.01.2007;;46;Gut
06.01.2007;;48;Gut
07.01.2007;;48;Gut
08.01.2007;;48;Gut
09.01.2007;;48;Gut
10.01.2007;;48;Gut
11.01.2007;;48;Gut
12.01.2007;;48;Gut
13.01.2007;;48;Gut
14.01.2007;;48;Gut
15.01.2007;;48;Gut
16.01.2007;;48;Gut
17.01.2007;;49;Gut
18.01.2007;;49;Gut
19.01.2007;;52;Gut
20.01.2007;;54;Gut
21.01.2007;;54;Gut
22.01.2007;;52;Gut
23.01.2007;;52;Gut
24.01.2007;;52;Gut
25.01.2007;;50;Gut
26.01.2007;;50;Gut
27.01.2007;;50;Gut
28.01.2007;;50;Gut
29.01.2007;;49;Gut
30.01.2007;;49;Gut
31.01.2007;;49;Gut
01.02.2007;;49;Gut
02.02.2007;;49;Gut
03.02.2007;;49;Gut
04.02.2007;;49;Gut
05.02.2007;;49;Gut
06.02.2007;;49;Gut
07.02.2007;;49;Gut
08.02.2007;;49;Gut
09.02.2007;;50;Gut
10.02.2007;;52;Gut
11.02.2007;;50;Gut
12.02.2007;;51;Gut
13.02.2007;;51;Gut
14.02.2007;;51;Gut
15.02.2007;;54;Gut
16.02.2007;;54;Gut
17.02.2007;;54;Gut
18.02.2007;;54;Gut
19.02.2007;;54;Gut
20.02.2007;;54;Gut
21.02.2007;;53;Gut
22.02.2007;;50;Gut
23.02.2007;;50;Gut
24.02.2007;;49;Gut
25.02.2007;;49;Gut
26.02.2007;;49;Gut
27.02.2007;;49;Gut
28.02.2007;;50;Gut
01.03.2007;;52;Gut
02.03.2007;;54;Gut
03.03.2007;;54;Gut
04.03.2007;;54;Gut
05.03.2007;;54;Gut
06.03.2007;;52;Gut
07.03.2007;;50;Gut
08.03.2007;;48;Gut
09.03.2007;;50;Gut
10.03.2007;;50;Gut
11.03.2007;;52;Gut
12.03.2007;;52;Gut
13.03.2007;;52;Gut
14.03.2007;;50;Gut
15.03.2007;;50;Gut
16.03.2007;;50;Gut
17.03.2007;;50;Gut
18.03.2007;;50;Gut
19.03.2007;;50;Gut
20.03.2007;;52;Gut
21.03.2007;;52;Gut
22.03.2007;;53;Gut
23.03.2007;;53;Gut
24.03.2007;;53;Gut
25.03.2007;;55;Gut
26.03.2007;;55;Gut
27.03.2007;;55;Gut
28.03.2007;;55;Gut
29.03.2007;;55;Gut
30.03.2007;;55;Gut
31.03.2007;;55;Gut
01.04.2007;;54;Gut
02.04.2007;;53;Gut
03.04.2007;;51;Gut
04.04.2007;;50;Gut
05.04.2007;;50;Gut
06.04.2007;;50;Gut
07.04.2007;;50;Gut
08.04.2007;;50;Gut
09.04.2007;;50;Gut
10.04.2007;;50;Gut
11.04.2007;;50;Gut
12.04.2007;;49;Gut
13.04.2007;;49;Gut
14.04.2007;;49;Gut
15.04.2007;;49;Gut
16.04.2007;;47;Gut
17.04.2007;;39;Gut
18.04.2007;;37;Gut
19.04.2007;;37;Gut
20.04.2007;;37;Gut
21.04.2007;;37;Gut
22.04.2007;;40;Gut
23.04.2007;;39;Gut
24.04.2007;;39;Gut
25.04.2007;;38;Gut
26.04.2007;;38;Gut
27.04.2007;;37;Gut
28.04.2007;;37;Gut
29.04.2007;;37;Gut
30.04.2007;;37;Gut
01.05.2007;;37;Gut
02.05.2007;;36;Gut
03.05.2007;;36;Gut
04.05.2007;;36;Gut
05.05.2007;;36;Gut
06.05.2007;;36;Gut
07.05.2007;;36;Gut
08.05.2007;;39;Gut
09.05.2007;;39;Gut
10.05.2007;;40;Gut
11.05.2007;;40;Gut
12.05.2007;;40;Gut
13.05.2007;;40;Gut
14.05.2007;;44;Gut
15.05.2007;;44;Gut
16.05.2007;;50;Gut
17.05.2007;;50;Gut
18.05.2007;;50;Gut
19.05.2007;;50;Gut
20.05.2007;;49;Gut
21.05.2007;;49;Gut
22.05.2007;;45;Gut
23.05.2007;;45;Gut
24.05.2007;;44;Gut
25.05.2007;;43;Gut
26.05.2007;;43;Gut
27.05.2007;;43;Gut
28.05.2007;;43;Gut
29.05.2007;;47;Gut
30.05.2007;;48;Gut
31.05.2007;;48;Gut
01.06.2007;;46;Gut
02.06.2007;;46;Gut
03.06.2007;;46;Gut
04.06.2007;;46;Gut
05.06.2007;;46;Gut
06.06.2007;;46;Gut
07.06.2007;;46;Gut
08.06.2007;;44;Gut
09.06.2007;;42;Gut
10.06.2007;;42;Gut
11.06.2007;;42;Gut
12.06.2007;;41;Gut
13.06.2007;;41;Gut
14.06.2007;;40;Gut
15.06.2007;;40;Gut
16.06.2007;;44;Gut
17.06.2007;;41;Gut
18.06.2007;;41;Gut
19.06.2007;;42;Gut
20.06.2007;;43;Gut
21.06.2007;;45;Gut
22.06.2007;;45;Gut
23.06.2007;;45;Gut
24.06.2007;;51;Gut
25.06.2007;;52;Gut
26.06.2007;;55;Gut
27.06.2007;;55;Gut
28.06.2007;;55;Gut
29.06.2007;;55;Gut
30.06.2007;;55;Gut
01.07.2007;;53;Gut
02.07.2007;;52;Gut
03.07.2007;;52;Gut
04.07.2007;;55;Gut
05.07.2007;;64;Gut
06.07.2007;;62;Gut
07.07.2007;;61;Gut
08.07.2007;;60;Gut
09.07.2007;;63;Gut
10.07.2007;;65;Gut
11.07.2007;;67;Gut
12.07.2007;;70;Gut
13.07.2007;;70;Gut
14.07.2007;;70;Gut
15.07.2007;;68;Gut
16.07.2007;;67;Gut
17.07.2007;;58;Gut
18.07.2007;;68;Gut
19.07.2007;;60;Gut
20.07.2007;;50;Gut
21.07.2007;;50;Gut
22.07.2007;;52;Gut
23.07.2007;;50;Gut
24.07.2007;;50;Gut
25.07.2007;;50;Gut
26.07.2007;;48;Gut
27.07.2007;;48;Gut
28.07.2007;;48;Gut
29.07.2007;;48;Gut
30.07.2007;;55;Gut
31.07.2007;;56;Gut
01.08.2007;;54;Gut
02.08.2007;;60;Gut
03.08.2007;;52;Gut
04.08.2007;;48;Gut
05.08.2007;;46;Gut
06.08.2007;;44;Gut
07.08.2007;;44;Gut
08.08.2007;;44;Gut
09.08.2007;;44;Gut
10.08.2007;;44;Gut
11.08.2007;;44;Gut
12.08.2007;;44;Gut
13.08.2007;;43;Gut
14.08.2007;;43;Gut
15.08.2007;;43;Gut
16.08.2007;;43;Gut
17.08.2007;;42;Gut
18.08.2007;;42;Gut
19.08.2007;;42;Gut
20.08.2007;;40;Gut
21.08.2007;;50;Gut
22.08.2007;;50;Gut
23.08.2007;;50;Gut
24.08.2007;;50;Gut
25.08.2007;;50;Gut
26.08.2007;;50;Gut
27.08.2007;;50;Gut
28.08.2007;;48;Gut
29.08.2007;;48;Gut
30.08.2007;;46;Gut
31.08.2007;;46;Gut
01.09.2007;;45;Gut
02.09.2007;;45;Gut
03.09.2007;;48;Gut
04.09.2007;;48;Gut
05.09.2007;;50;Gut
06.09.2007;;50;Gut
07.09.2007;;48;Gut
08.09.2007;;48;Gut
09.09.2007;;46;Gut
10.09.2007;;46;Gut
11.09.2007;;48;Gut
12.09.2007;;48;Gut
13.09.2007;;48;Gut
14.09.2007;;46;Gut
15.09.2007;;46;Gut
16.09.2007;;44;Gut
17.09.2007;;42;Gut
18.09.2007;;42;Gut
19.09.2007;;43;Gut
20.09.2007;;43;Gut
21.09.2007;;44;Gut
22.09.2007;;42;Gut
23.09.2007;;40;Gut
24.09.2007;;40;Gut
25.09.2007;;39;Gut
26.09.2007;;39;Gut
27.09.2007;;39;Gut
28.09.2007;;42;Gut
29.09.2007;;52;Gut
30.09.2007;;54;Gut
01.10.2007;;52;Gut
02.10.2007;;51;Gut
03.10.2007;;51;Gut
04.10.2007;;50;Gut
05.10.2007;;50;Gut
06.10.2007;;48;Gut
07.10.2007;;48;Gut
08.10.2007;;45;Gut
09.10.2007;;44;Gut
10.10.2007;;43;Gut
11.10.2007;;43;Gut
12.10.2007;;42;Gut
13.10.2007;;40;Gut
14.10.2007;;40;Gut
15.10.2007;;40;Gut
16.10.2007;;40;Gut
17.10.2007;;40;Gut
18.10.2007;;40;Gut
19.10.2007;;40;Gut
20.10.2007;;40;Gut
21.10.2007;;40;Gut
22.10.2007;;39;Gut
23.10.2007;;39;Gut
24.10.2007;;39;Gut
25.10.2007;;39;Gut
26.10.2007;;38;Gut
27.10.2007;;38;Gut
28.10.2007;;38;Gut
29.10.2007;;38;Gut
30.10.2007;;38;Gut
31.10.2007;;38;Gut
01.11.2007;;39;Gut
02.11.2007;;39;Gut
03.11.2007;;39;Gut
04.11.2007;;39;Gut
05.11.2007;;39;Gut
06.11.2007;;40;Gut
07.11.2007;;42;Gut
08.11.2007;;45;Gut
09.11.2007;;45;Gut
10.11.2007;;46;Gut
11.11.2007;;48;Gut
12.11.2007;;50;Gut
13.11.2007;;52;Gut
14.11.2007;;52;Gut
15.11.2007;;50;Gut
16.11.2007;;48;Gut
17.11.2007;;48;Gut
18.11.2007;;46;Gut
19.11.2007;;46;Gut
20.11.2007;;44;Gut
21.11.2007;;44;Gut
22.11.2007;;43;Gut
23.11.2007;;42;Gut
24.11.2007;;43;Gut
25.11.2007;;44;Gut
26.11.2007;;44;Gut
27.11.2007;;44;Gut
28.11.2007;;44;Gut
29.11.2007;;43;Gut
30.11.2007;;43;Gut
01.12.2007;;45;Gut
02.12.2007;;45;Gut
03.12.2007;;49;Gut
04.12.2007;;48;Gut
05.12.2007;;48;Gut
06.12.2007;;46;Gut
07.12.2007;;46;Gut
08.12.2007;;48;Gut
09.12.2007;;48;Gut
10.12.2007;;46;Gut
11.12.2007;;46;Gut
12.12.2007;;52;Gut
13.12.2007;;52;Gut
14.12.2007;;52;Gut
15.12.2007;;50;Gut
16.12.2007;;48;Gut
17.12.2007;;47;Gut
18.12.2007;;47;Gut
19.12.2007;;46;Gut
20.12.2007;;45;Gut
21.12.2007;;45;Gut
22.12.2007;;44;Gut
23.12.2007;;43;Gut
24.12.2007;;43;Gut
25.12.2007;;43;Gut
26.12.2007;;43;Gut
27.12.2007;;42;Gut
28.12.2007;;42;Gut
29.12.2007;;42;Gut
30.12.2007;;41;Gut
31.12.2007;;41;Gut
01.01.2008;;42;Gut
02.01.2008;;42;Gut
03.01.2008;;42;Gut
04.01.2008;;48;Gut
05.01.2008;;43;Gut
06.01.2008;;43;Gut
07.01.2008;;42;Gut
08.01.2008;;42;Gut
09.01.2008;;42;Gut
10.01.2008;;44;Gut
11.01.2008;;44;Gut
12.01.2008;;44;Gut
13.01.2008;;44;Gut
14.01.2008;;43;Gut
15.01.2008;;43;Gut
16.01.2008;;43;Gut
17.01.2008;;43;Gut
18.01.2008;;43;Gut
19.01.2008;;47;Gut
20.01.2008;;56;Gut
21.01.2008;;66;Gut
22.01.2008;;72;Gut
23.01.2008;;68;Gut
24.01.2008;;66;Gut
25.01.2008;;63;Gut
26.01.2008;;62;Gut
27.01.2008;;62;Gut
28.01.2008;;68;Gut
29.01.2008;;66;Gut
30.01.2008;;64;Gut
31.01.2008;;64;Gut
01.02.2008;;60;Gut
02.02.2008;;62;Gut
03.02.2008;;58;Gut
04.02.2008;;58;Gut
05.02.2008;;56;Gut
06.02.2008;;56;Gut
07.02.2008;;57;Gut
08.02.2008;;56;Gut
09.02.2008;;54;Gut
10.02.2008;;52;Gut
11.02.2008;;50;Gut
12.02.2008;;50;Gut
13.02.2008;;50;Gut
14.02.2008;;48;Gut
15.02.2008;;48;Gut
16.02.2008;;46;Gut
17.02.2008;;45;Gut
18.02.2008;;44;Gut
19.02.2008;;44;Gut
20.02.2008;;46;Gut
21.02.2008;;46;Gut
22.02.2008;;46;Gut
23.02.2008;;45;Gut
24.02.2008;;45;Gut
25.02.2008;;45;Gut
26.02.2008;;44;Gut
27.02.2008;;44;Gut
28.02.2008;;43;Gut
29.02.2008;;43;Gut
01.03.2008;;48;Gut
02.03.2008;;50;Gut
03.03.2008;;52;Gut
04.03.2008;;52;Gut
05.03.2008;;50;Gut
06.03.2008;;50;Gut
07.03.2008;;50;Gut
08.03.2008;;49;Gut
09.03.2008;;48;Gut
10.03.2008;;48;Gut
11.03.2008;;45;Gut
12.03.2008;;45;Gut
13.03.2008;;45;Gut
14.03.2008;;46;Gut
15.03.2008;;46;Gut
16.03.2008;;46;Gut
17.03.2008;;47;Gut
18.03.2008;;48;Gut
19.03.2008;;46;Gut
20.03.2008;;47;Gut
21.03.2008;;48;Gut
22.03.2008;;51;Gut
23.03.2008;;58;Gut
24.03.2008;;55;Gut
25.03.2008;;53;Gut
26.03.2008;;50;Gut
27.03.2008;;50;Gut
28.03.2008;;48;Gut
29.03.2008;;48;Gut
30.03.2008;;48;Gut
31.03.2008;;48;Gut
01.04.2008;;47;Gut
02.04.2008;;47;Gut
03.04.2008;;47;Gut
04.04.2008;;47;Gut
05.04.2008;;47;Gut
06.04.2008;;46;Gut
07.04.2008;;46;Gut
08.04.2008;;46;Gut
09.04.2008;;46;Gut
10.04.2008;;52;Gut
11.04.2008;;56;Gut
12.04.2008;;64;Gut
13.04.2008;;64;Gut
14.04.2008;;62;Gut
15.04.2008;;62;Gut
16.04.2008;;69;Gut
17.04.2008;;69;Gut
18.04.2008;;70;Gut
19.04.2008;;66;Gut
20.04.2008;;63;Gut
21.04.2008;;60;Gut
22.04.2008;;58;Gut
23.04.2008;;55;Gut
24.04.2008;;54;Gut
25.04.2008;;52;Gut
26.04.2008;;50;Gut
27.04.2008;;49;Gut
28.04.2008;;47;Gut
29.04.2008;;46;Gut
30.04.2008;;46;Gut
01.05.2008;;46;Gut
02.05.2008;;46;Gut
03.05.2008;;45;Gut
04.05.2008;;44;Gut
05.05.2008;;44;Gut
06.05.2008;;42;Gut
07.05.2008;;42;Gut
08.05.2008;;48;Gut
09.05.2008;;47;Gut
10.05.2008;;45;Gut
11.05.2008;;45;Gut
12.05.2008;;45;Gut
13.05.2008;;45;Gut
14.05.2008;;44;Gut
15.05.2008;;44;Gut
16.05.2008;;43;Gut
17.05.2008;;43;Gut
18.05.2008;;43;Gut
19.05.2008;;43;Gut
20.05.2008;;43;Gut
21.05.2008;;43;Gut
22.05.2008;;42;Gut
23.05.2008;;42;Gut
24.05.2008;;41;Gut
25.05.2008;;40;Gut
26.05.2008;;38;Gut
27.05.2008;;38;Gut
28.05.2008;;36;Gut
29.05.2008;;36;Gut
30.05.2008;;32;Gut
31.05.2008;;32;Gut
01.06.2008;;30;Gut
02.06.2008;;28;Gut
03.06.2008;;25;Gut
04.06.2008;;25;Gut
05.06.2008;;24;Gut
06.06.2008;;23;Gut
07.06.2008;;22;Gut
08.06.2008;;22;Gut
09.06.2008;;22;Gut
10.06.2008;;22;Gut
11.06.2008;;22;Gut
12.06.2008;;22;Gut
13.06.2008;;25;Gut
14.06.2008;;25;Gut
15.06.2008;;25;Gut
16.06.2008;;28;Gut
17.06.2008;;29;Gut
18.06.2008;;30;Gut
19.06.2008;;30;Gut
20.06.2008;;29;Gut
21.06.2008;;28;Gut
22.06.2008;;28;Gut
23.06.2008;;28;Gut
24.06.2008;;28;Gut
25.06.2008;;28;Gut
26.06.2008;;29;Gut
27.06.2008;;26;Gut
28.06.2008;;26;Gut
29.06.2008;;26;Gut
30.06.2008;;26;Gut
01.07.2008;;26;Gut
02.07.2008;;26;Gut
03.07.2008;;24;Gut
04.07.2008;;24;Gut
05.07.2008;;24;Gut
06.07.2008;;24;Gut
07.07.2008;;24;Gut
08.07.2008;;24;Gut
09.07.2008;;24;Gut
10.07.2008;;24;Gut
11.07.2008;;24;Gut
12.07.2008;;26;Gut
13.07.2008;;27;Gut
14.07.2008;;28;Gut
15.07.2008;;28;Gut
16.07.2008;;29;Gut
17.07.2008;;29;Gut
18.07.2008;;29;Gut
19.07.2008;;29;Gut
20.07.2008;;29;Gut
21.07.2008;;29;Gut
22.07.2008;;29;Gut
23.07.2008;;29;Gut
24.07.2008;;29;Gut
25.07.2008;;29;Gut
26.07.2008;;29;Gut
27.07.2008;;29;Gut
28.07.2008;;29;Gut
29.07.2008;;28;Gut
30.07.2008;;28;Gut
31.07.2008;;28;Gut
01.08.2008;;26;Gut
02.08.2008;;29;Gut
03.08.2008;;28;Gut
04.08.2008;;26;Gut
05.08.2008;;26;Gut
06.08.2008;;26;Gut
07.08.2008;;26;Gut
08.08.2008;;26;Gut
09.08.2008;;26;Gut
10.08.2008;;26;Gut
11.08.2008;;26;Gut
12.08.2008;;28;Gut
13.08.2008;;28;Gut
14.08.2008;;28;Gut
15.08.2008;;28;Gut
16.08.2008;;30;Gut
17.08.2008;;30;Gut
18.08.2008;;30;Gut
19.08.2008;;30;Gut
20.08.2008;;30;Gut
21.08.2008;;30;Gut
22.08.2008;;29;Gut
23.08.2008;;29;Gut
24.08.2008;;30;Gut
25.08.2008;;30;Gut
26.08.2008;;30;Gut
27.08.2008;;28;Gut
28.08.2008;;28;Gut
29.08.2008;;28;Gut
30.08.2008;;28;Gut
31.08.2008;;28;Gut
01.09.2008;;28;Gut
02.09.2008;;28;Gut
03.09.2008;;28;Gut
04.09.2008;;28;Gut
05.09.2008;;28;Gut
06.09.2008;;28;Gut
07.09.2008;;36;Gut
08.09.2008;;30;Gut
09.09.2008;;30;Gut
10.09.2008;;30;Gut
11.09.2008;;30;Gut
12.09.2008;;32;Gut
13.09.2008;;32;Gut
14.09.2008;;32;Gut
15.09.2008;;32;Gut
16.09.2008;;32;Gut
17.09.2008;;32;Gut
18.09.2008;;30;Gut
19.09.2008;;30;Gut
20.09.2008;;30;Gut
21.09.2008;;30;Gut
22.09.2008;;32;Gut
23.09.2008;;32;Gut
24.09.2008;;32;Gut
25.09.2008;;32;Gut
26.09.2008;;32;Gut
27.09.2008;;32;Gut
28.09.2008;;32;Gut
29.09.2008;;32;Gut
30.09.2008;;32;Gut
01.10.2008;;32;Gut
02.10.2008;;34;Gut
03.10.2008;;31;Gut
04.10.2008;;30;Gut
05.10.2008;;30;Gut
06.10.2008;;30;Gut
07.10.2008;;32;Gut
08.10.2008;;32;Gut
09.10.2008;;32;Gut
10.10.2008;;32;Gut
11.10.2008;;32;Gut
12.10.2008;;32;Gut
13.10.2008;;35;Gut
14.10.2008;;35;Gut
15.10.2008;;36;Gut
16.10.2008;;37;Gut
17.10.2008;;37;Gut
18.10.2008;;36;Gut
19.10.2008;;36;Gut
20.10.2008;;36;Gut
21.10.2008;;36;Gut
22.10.2008;;37;Gut
23.10.2008;;37;Gut
24.10.2008;;36;Gut
25.10.2008;;36;Gut
26.10.2008;;36;Gut
27.10.2008;;38;Gut
28.10.2008;;38;Gut
29.10.2008;;39;Gut
30.10.2008;;44;Gut
31.10.2008;;44;Gut
01.11.2008;;42;Gut
02.11.2008;;40;Gut
03.11.2008;;40;Gut
04.11.2008;;40;Gut
05.11.2008;;40;Gut
06.11.2008;;40;Gut
07.11.2008;;40;Gut
08.11.2008;;40;Gut
09.11.2008;;40;Gut
10.11.2008;;40;Gut
11.11.2008;;40;Gut
12.11.2008;;40;Gut
13.11.2008;;40;Gut
14.11.2008;;40;Gut
15.11.2008;;41;Gut
16.11.2008;;41;Gut
17.11.2008;;41;Gut
18.11.2008;;42;Gut
19.11.2008;;42;Gut
20.11.2008;;42;Gut
21.11.2008;;44;Gut
22.11.2008;;44;Gut
23.11.2008;;44;Gut
24.11.2008;;44;Gut
25.11.2008;;42;Gut
26.11.2008;;42;Gut
27.11.2008;;42;Gut
28.11.2008;;42;Gut
29.11.2008;;42;Gut
30.11.2008;;42;Gut
01.12.2008;;42;Gut
02.12.2008;;44;Gut
03.12.2008;;44;Gut
04.12.2008;;46;Gut
05.12.2008;;46;Gut
06.12.2008;;46;Gut
07.12.2008;;46;Gut
08.12.2008;;46;Gut
09.12.2008;;46;Gut
10.12.2008;;46;Gut
11.12.2008;;46;Gut
12.12.2008;;46;Gut
13.12.2008;;55;Gut
14.12.2008;;55;Gut
15.12.2008;;55;Gut
16.12.2008;;54;Gut
17.12.2008;;54;Gut
18.12.2008;;54;Gut
19.12.2008;;54;Gut
20.12.2008;;54;Gut
21.12.2008;;54;Gut
22.12.2008;;54;Gut
23.12.2008;;54;Gut
24.12.2008;;54;Gut
25.12.2008;;54;Gut
26.12.2008;;54;Gut
27.12.2008;;52;Gut
28.12.2008;;50;Gut
29.12.2008;;50;Gut
30.12.2008;;50;Gut
31.12.2008;;48;Gut
01.01.2009;;48;Gut
02.01.2009;;48;Gut
03.01.2009;;48;Gut
04.01.2009;;48;Gut
05.01.2009;;50;Gut
06.01.2009;;50;Gut
07.01.2009;;50;Gut
08.01.2009;;50;Gut
09.01.2009;;50;Gut
10.01.2009;;50;Gut
11.01.2009;;50;Gut
12.01.2009;;50;Gut
13.01.2009;;50;Gut
14.01.2009;;50;Gut
15.01.2009;;50;Gut
16.01.2009;;50;Gut
17.01.2009;;50;Gut
18.01.2009;;50;Gut
19.01.2009;;56;Gut
20.01.2009;;56;Gut
21.01.2009;;56;Gut
22.01.2009;;54;Gut
23.01.2009;;54;Gut
24.01.2009;;54;Gut
25.01.2009;;54;Gut
26.01.2009;;54;Gut
27.01.2009;;54;Gut
28.01.2009;;54;Gut
29.01.2009;;52;Gut
30.01.2009;;50;Gut
31.01.2009;;50;Gut
01.02.2009;;50;Gut
02.02.2009;;50;Gut
03.02.2009;;50;Gut
04.02.2009;;50;Gut
05.02.2009;;50;Gut
06.02.2009;;50;Gut
07.02.2009;;50;Gut
08.02.2009;;50;Gut
09.02.2009;;50;Gut
10.02.2009;;50;Gut
11.02.2009;;54;Gut
12.02.2009;;56;Gut
13.02.2009;;54;Gut
14.02.2009;;52;Gut
15.02.2009;;50;Gut
16.02.2009;;50;Gut
17.02.2009;;50;Gut
18.02.2009;;50;Gut
19.02.2009;;50;Gut
20.02.2009;;50;Gut
21.02.2009;;52;Gut
22.02.2009;;52;Gut
23.02.2009;;60;Gut
24.02.2009;;64;Gut
25.02.2009;;64;Gut
26.02.2009;;64;Gut
27.02.2009;;66;Gut
28.02.2009;;66;Gut
01.03.2009;;64;Gut
02.03.2009;;62;Gut
03.03.2009;;62;Gut
04.03.2009;;62;Gut
05.03.2009;;62;Gut
06.03.2009;;62;Gut
07.03.2009;;62;Gut
08.03.2009;;58;Gut
09.03.2009;;58;Gut
10.03.2009;;56;Gut
11.03.2009;;54;Gut
12.03.2009;;54;Gut
13.03.2009;;56;Gut
14.03.2009;;56;Gut
15.03.2009;;56;Gut
16.03.2009;;56;Gut
17.03.2009;;56;Gut
18.03.2009;;56;Gut
19.03.2009;;52;Gut
20.03.2009;;52;Gut
21.03.2009;;50;Gut
22.03.2009;;50;Gut
23.03.2009;;50;Gut
24.03.2009;;50;Gut
25.03.2009;;50;Gut
26.03.2009;;52;Gut
27.03.2009;;52;Gut
28.03.2009;;54;Gut
29.03.2009;;52;Gut
30.03.2009;;50;Gut
31.03.2009;;50;Gut
01.04.2009;;48;Gut
02.04.2009;;48;Gut
03.04.2009;;48;Gut
04.04.2009;;48;Gut
05.04.2009;;48;Gut
06.04.2009;;46;Gut
07.04.2009;;46;Gut
08.04.2009;;42;Gut
09.04.2009;;42;Gut
10.04.2009;;40;Gut
11.04.2009;;40;Gut
12.04.2009;;40;Gut
13.04.2009;;40;Gut
14.04.2009;;38;Gut
15.04.2009;;38;Gut
16.04.2009;;36;Gut
17.04.2009;;36;Gut
18.04.2009;;35;Gut
19.04.2009;;35;Gut
20.04.2009;;35;Gut
21.04.2009;;35;Gut
22.04.2009;;35;Gut
23.04.2009;;35;Gut
24.04.2009;;35;Gut
25.04.2009;;34;Gut
26.04.2009;;32;Gut
27.04.2009;;32;Gut
28.04.2009;;26;Gut
29.04.2009;;26;Gut
30.04.2009;;35;Gut
01.05.2009;;35;Gut
02.05.2009;;35;Gut
03.05.2009;;34;Gut
04.05.2009;;34;Gut
05.05.2009;;34;Gut
06.05.2009;;36;Gut
07.05.2009;;34;Gut
08.05.2009;;34;Gut
09.05.2009;;34;Gut
10.05.2009;;35;Gut
11.05.2009;;35;Gut
12.05.2009;;36;Gut
13.05.2009;;35;Gut
14.05.2009;;34;Gut
15.05.2009;;34;Gut
16.05.2009;;34;Gut
17.05.2009;;34;Gut
18.05.2009;;34;Gut
19.05.2009;;34;Gut
20.05.2009;;34;Gut
21.05.2009;;34;Gut
22.05.2009;;34;Gut
23.05.2009;;34;Gut
24.05.2009;;34;Gut
25.05.2009;;32;Gut
26.05.2009;;32;Gut
27.05.2009;;36;Gut
28.05.2009;;36;Gut
29.05.2009;;35;Gut
30.05.2009;;35;Gut
31.05.2009;;38;Gut
01.06.2009;;42;Gut
02.06.2009;;42;Gut
03.06.2009;;42;Gut
04.06.2009;;40;Gut
05.06.2009;;40;Gut
06.06.2009;;40;Gut
07.06.2009;;42;Gut
08.06.2009;;41;Gut
09.06.2009;;41;Gut
10.06.2009;;41;Gut
11.06.2009;;41;Gut
12.06.2009;;45;Gut
13.06.2009;;43;Gut
14.06.2009;;42;Gut
15.06.2009;;42;Gut
16.06.2009;;46;Gut
17.06.2009;;48;Gut
18.06.2009;;50;Gut
19.06.2009;;49;Gut
20.06.2009;;40;Gut
21.06.2009;;42;Gut
22.06.2009;;42;Gut
23.06.2009;;50;Gut
24.06.2009;;48;Gut
25.06.2009;;52;Gut
26.06.2009;;50;Gut
27.06.2009;;50;Gut
28.06.2009;;48;Gut
29.06.2009;;48;Gut
30.06.2009;;43;Gut
01.07.2009;;40;Gut
02.07.2009;;40;Gut
03.07.2009;;40;Gut
04.07.2009;;40;Gut
05.07.2009;;40;Gut
06.07.2009;;38;Gut
07.07.2009;;38;Gut
08.07.2009;;36;Gut
09.07.2009;;36;Gut
10.07.2009;;35;Gut
11.07.2009;;35;Gut
12.07.2009;;35;Gut
13.07.2009;;34;Gut
14.07.2009;;34;Gut
15.07.2009;;34;Gut
16.07.2009;;34;Gut
17.07.2009;;34;Gut
18.07.2009;;42;Gut
19.07.2009;;42;Gut
20.07.2009;;42;Gut
21.07.2009;;42;Gut
22.07.2009;;41;Gut
23.07.2009;;40;Gut
24.07.2009;;39;Gut
25.07.2009;;39;Gut
26.07.2009;;39;Gut
27.07.2009;;37;Gut
28.07.2009;;36;Gut
29.07.2009;;35;Gut
30.07.2009;;35;Gut
31.07.2009;;35;Gut
01.08.2009;;35;Gut
02.08.2009;;35;Gut
03.08.2009;;35;Gut
04.08.2009;;35;Gut
05.08.2009;;34;Gut
06.08.2009;;32;Gut
07.08.2009;;31;Gut
08.08.2009;;30;Gut
09.08.2009;;30;Gut
10.08.2009;;30;Gut
11.08.2009;;30;Gut
12.08.2009;;30;Gut
13.08.2009;;30;Gut
14.08.2009;;30;Gut
15.08.2009;;30;Gut
16.08.2009;;30;Gut
17.08.2009;;28;Gut
18.08.2009;;28;Gut
19.08.2009;;28;Gut
20.08.2009;;28;Gut
21.08.2009;;27;Gut
22.08.2009;;27;Gut
23.08.2009;;31;Gut
24.08.2009;;31;Gut
25.08.2009;;31;Gut
26.08.2009;;30;Gut
27.08.2009;;30;Gut
28.08.2009;;30;Gut
29.08.2009;;29;Gut
30.08.2009;;29;Gut
31.08.2009;;29;Gut
01.09.2009;;29;Gut
02.09.2009;;29;Gut
03.09.2009;;34;Gut
04.09.2009;;34;Gut
05.09.2009;;34;Gut
06.09.2009;;34;Gut
07.09.2009;;34;Gut
08.09.2009;;34;Gut
09.09.2009;;32;Gut
10.09.2009;;32;Gut
11.09.2009;;32;Gut
12.09.2009;;32;Gut
13.09.2009;;32;Gut
14.09.2009;;34;Gut
15.09.2009;;36;Gut
16.09.2009;;36;Gut
17.09.2009;;36;Gut
18.09.2009;;36;Gut
19.09.2009;;36;Gut
20.09.2009;;36;Gut
21.09.2009;;36;Gut
22.09.2009;;36;Gut
23.09.2009;;36;Gut
24.09.2009;;36;Gut
25.09.2009;;36;Gut
26.09.2009;;36;Gut
27.09.2009;;36;Gut
28.09.2009;;36;Gut
29.09.2009;;36;Gut
30.09.2009;;36;Gut
01.10.2009;;36;Gut
02.10.2009;;34;Gut
03.10.2009;;32;Gut
04.10.2009;;30;Gut
05.10.2009;;30;Gut
06.10.2009;;30;Gut
07.10.2009;;30;Gut
08.10.2009;;30;Gut
09.10.2009;;32;Gut
10.10.2009;;32;Gut
11.10.2009;;40;Gut
12.10.2009;;48;Gut
13.10.2009;;50;Gut
14.10.2009;;50;Gut
15.10.2009;;50;Gut
16.10.2009;;50;Gut
17.10.2009;;50;Gut
18.10.2009;;51;Gut
19.10.2009;;51;Gut
20.10.2009;;50;Gut
21.10.2009;;50;Gut
22.10.2009;;50;Gut
23.10.2009;;50;Gut
24.10.2009;;50;Gut
25.10.2009;;51;Gut
26.10.2009;;50;Gut
27.10.2009;;50;Gut
28.10.2009;;50;Gut
29.10.2009;;51;Gut
30.10.2009;;50;Gut
31.10.2009;;50;Gut
01.11.2009;;55;Gut
02.11.2009;;60;Gut
03.11.2009;;58;Gut
04.11.2009;;59;Gut
05.11.2009;;59;Gut
06.11.2009;;58;Gut
07.11.2009;;57;Gut
08.11.2009;;56;Gut
09.11.2009;;56;Gut
10.11.2009;;56;Gut
11.11.2009;;56;Gut
12.11.2009;;56;Gut
13.11.2009;;56;Gut
14.11.2009;;56;Gut
15.11.2009;;56;Gut
16.11.2009;;56;Gut
17.11.2009;;56;Gut
18.11.2009;;56;Gut
19.11.2009;;56;Gut
20.11.2009;;56;Gut
21.11.2009;;56;Gut
22.11.2009;;56;Gut
23.11.2009;;56;Gut
24.11.2009;;56;Gut
25.11.2009;;56;Gut
26.11.2009;;64;Gut
27.11.2009;;62;Gut
28.11.2009;;62;Gut
29.11.2009;;62;Gut
30.11.2009;;61;Gut
01.12.2009;;64;Gut
02.12.2009;;66;Gut
03.12.2009;;66;Gut
04.12.2009;;66;Gut
05.12.2009;;62;Gut
06.12.2009;;62;Gut
07.12.2009;;66;Gut
08.12.2009;;66;Gut
09.12.2009;;66;Gut
10.12.2009;;66;Gut
11.12.2009;;72;Gut
12.12.2009;;70;Gut
13.12.2009;;70;Gut
14.12.2009;;68;Gut
15.12.2009;;66;Gut
16.12.2009;;66;Gut
17.12.2009;;64;Gut
18.12.2009;;64;Gut
19.12.2009;;64;Gut
20.12.2009;;62;Gut
21.12.2009;;62;Gut
22.12.2009;;62;Gut
23.12.2009;;64;Gut
24.12.2009;;64;Gut
25.12.2009;;68;Gut
26.12.2009;;68;Gut
27.12.2009;;70;Gut
28.12.2009;;70;Gut
29.12.2009;;70;Gut
30.12.2009;;70;Gut
31.12.2009;;70;Gut
01.01.2010;;70;Gut
02.01.2010;;68;Gut
03.01.2010;;68;Gut
04.01.2010;;66;Gut
05.01.2010;;66;Gut
06.01.2010;;66;Gut
07.01.2010;;65;Gut
08.01.2010;;65;Gut
09.01.2010;;66;Gut
10.01.2010;;68;Gut
11.01.2010;;66;Gut
12.01.2010;;65;Gut
13.01.2010;;65;Gut
14.01.2010;;63;Gut
15.01.2010;;60;Gut
16.01.2010;;60;Gut
17.01.2010;;60;Gut
18.01.2010;;62;Gut
19.01.2010;;62;Gut
20.01.2010;;62;Gut
21.01.2010;;62;Gut
22.01.2010;;62;Gut
23.01.2010;;62;Gut
24.01.2010;;60;Gut
25.01.2010;;60;Gut
26.01.2010;;60;Gut
27.01.2010;;59;Gut
28.01.2010;;59;Gut
29.01.2010;;59;Gut
30.01.2010;;59;Gut
31.01.2010;;59;Gut
01.02.2010;;59;Gut
02.02.2010;;60;Gut
03.02.2010;;60;Gut
04.02.2010;;60;Gut
05.02.2010;;60;Gut
06.02.2010;;58;Gut
07.02.2010;;58;Gut
08.02.2010;;58;Gut
09.02.2010;;56;Gut
10.02.2010;;56;Gut
11.02.2010;;58;Gut
12.02.2010;;56;Gut
13.02.2010;;56;Gut
14.02.2010;;56;Gut
15.02.2010;;56;Gut
16.02.2010;;56;Gut
17.02.2010;;56;Gut
18.02.2010;;56;Gut
19.02.2010;;56;Gut
20.02.2010;;58;Gut
21.02.2010;;58;Gut
22.02.2010;;59;Gut
23.02.2010;;64;Gut
24.02.2010;;70;Gut
25.02.2010;;70;Gut
26.02.2010;;75;Gut
27.02.2010;;78;Gut
28.02.2010;;76;Gut
01.03.2010;;76;Gut
02.03.2010;;72;Gut
03.03.2010;;72;Gut
04.03.2010;;70;Gut
05.03.2010;;68;Gut
06.03.2010;;68;Gut
07.03.2010;;66;Gut
08.03.2010;;65;Gut
09.03.2010;;64;Gut
10.03.2010;;62;Gut
11.03.2010;;62;Gut
12.03.2010;;62;Gut
13.03.2010;;64;Gut
14.03.2010;;64;Gut
15.03.2010;;62;Gut
16.03.2010;;68;Gut
17.03.2010;;56;Gut
18.03.2010;;56;Gut
19.03.2010;;54;Gut
20.03.2010;;54;Gut
21.03.2010;;54;Gut
22.03.2010;;54;Gut
23.03.2010;;54;Gut
24.03.2010;;54;Gut
25.03.2010;;52;Gut
26.03.2010;;48;Gut
27.03.2010;;52;Gut
28.03.2010;;54;Gut
29.03.2010;;54;Gut
30.03.2010;;54;Gut
31.03.2010;;54;Gut
01.04.2010;;52;Gut
02.04.2010;;50;Gut
03.04.2010;;48;Gut
04.04.2010;;48;Gut
05.04.2010;;48;Gut
06.04.2010;;46;Gut
07.04.2010;;44;Gut
08.04.2010;;44;Gut
09.04.2010;;44;Gut
10.04.2010;;42;Gut
11.04.2010;;42;Gut
12.04.2010;;42;Gut
13.04.2010;;42;Gut
14.04.2010;;40;Gut
15.04.2010;;40;Gut
16.04.2010;;54;Gut
17.04.2010;;54;Gut
18.04.2010;;54;Gut
19.04.2010;;54;Gut
20.04.2010;;52;Gut
21.04.2010;;52;Gut
22.04.2010;;34;Gut
23.04.2010;;38;Gut
24.04.2010;;42;Gut
25.04.2010;;44;Gut
26.04.2010;;48;Gut
27.04.2010;;50;Gut
28.04.2010;;48;Gut
29.04.2010;;42;Gut
30.04.2010;;44;Gut
01.05.2010;;42;Gut
02.05.2010;;42;Gut
03.05.2010;;44;Gut
04.05.2010;;50;Gut
05.05.2010;;50;Gut
06.05.2010;;50;Gut
07.05.2010;;56;Gut
08.05.2010;;56;Gut
09.05.2010;;54;Gut
10.05.2010;;54;Gut
11.05.2010;;54;Gut
12.05.2010;;52;Gut
13.05.2010;;52;Gut
14.05.2010;;52;Gut
15.05.2010;;54;Gut
16.05.2010;;58;Gut
17.05.2010;;58;Gut
18.05.2010;;56;Gut
19.05.2010;;60;Gut
20.05.2010;;60;Gut
21.05.2010;;60;Gut
22.05.2010;;60;Gut
23.05.2010;;58;Gut
24.05.2010;;56;Gut
25.05.2010;;56;Gut
26.05.2010;;54;Gut
27.05.2010;;54;Gut
28.05.2010;;54;Gut
29.05.2010;;54;Gut
30.05.2010;;54;Gut
31.05.2010;;56;Gut
01.06.2010;;60;Gut
02.06.2010;;60;Gut
03.06.2010;;58;Gut
04.06.2010;;56;Gut
05.06.2010;;54;Gut
06.06.2010;;54;Gut
07.06.2010;;54;Gut
08.06.2010;;52;Gut
09.06.2010;;52;Gut
10.06.2010;;50;Gut
11.06.2010;;58;Gut
12.06.2010;;44;Gut
13.06.2010;;40;Gut
14.06.2010;;40;Gut
15.06.2010;;40;Gut
16.06.2010;;38;Gut
17.06.2010;;36;Gut
18.06.2010;;32;Gut
19.06.2010;;32;Gut
20.06.2010;;32;Gut
21.06.2010;;30;Gut
22.06.2010;;30;Gut
23.06.2010;;30;Gut
24.06.2010;;30;Gut
25.06.2010;;28;Gut
26.06.2010;;32;Gut
27.06.2010;;32;Gut
28.06.2010;;40;Gut
29.06.2010;;40;Gut
30.06.2010;;37;Gut
01.07.2010;;35;Gut
02.07.2010;;35;Gut
03.07.2010;;35;Gut
04.07.2010;;38;Gut
05.07.2010;;38;Gut
06.07.2010;;38;Gut
07.07.2010;;38;Gut
08.07.2010;;38;Gut
09.07.2010;;38;Gut
10.07.2010;;38;Gut
11.07.2010;;36;Gut
12.07.2010;;36;Gut
13.07.2010;;36;Gut
14.07.2010;;36;Gut
15.07.2010;;30;Gut
16.07.2010;;30;Gut
17.07.2010;;30;Gut
18.07.2010;;30;Gut
19.07.2010;;28;Gut
20.07.2010;;28;Gut
21.07.2010;;28;Gut
22.07.2010;;26;Gut
23.07.2010;;34;Gut
24.07.2010;;34;Gut
25.07.2010;;34;Gut
26.07.2010;;34;Gut
27.07.2010;;34;Gut
28.07.2010;;34;Gut
29.07.2010;;34;Gut
30.07.2010;;32;Gut
31.07.2010;;32;Gut
01.08.2010;;32;Gut
02.08.2010;;32;Gut
03.08.2010;;32;Gut
04.08.2010;;32;Gut
05.08.2010;;32;Gut
06.08.2010;;32;Gut
07.08.2010;;32;Gut
08.08.2010;;32;Gut
09.08.2010;;32;Gut
10.08.2010;;30;Gut
11.08.2010;;30;Gut
12.08.2010;;30;Gut
13.08.2010;;32;Gut
14.08.2010;;34;Gut
15.08.2010;;42;Gut
16.08.2010;;45;Gut
17.08.2010;;46;Gut
18.08.2010;;50;Gut
19.08.2010;;50;Gut
20.08.2010;;48;Gut
21.08.2010;;46;Gut
22.08.2010;;45;Gut
23.08.2010;;44;Gut
24.08.2010;;44;Gut
25.08.2010;;43;Gut
26.08.2010;;42;Gut
27.08.2010;;46;Gut
28.08.2010;;48;Gut
29.08.2010;;50;Gut
30.08.2010;;50;Gut
31.08.2010;;50;Gut
01.09.2010;;50;Gut
02.09.2010;;48;Gut
03.09.2010;;48;Gut
04.09.2010;;48;Gut
05.09.2010;;48;Gut
06.09.2010;;46;Gut
07.09.2010;;46;Gut
08.09.2010;;44;Gut
09.09.2010;;44;Gut
10.09.2010;;46;Gut
11.09.2010;;46;Gut
12.09.2010;;46;Gut
13.09.2010;;50;Gut
14.09.2010;;50;Gut
15.09.2010;;50;Gut
16.09.2010;;50;Gut
17.09.2010;;50;Gut
18.09.2010;;50;Gut
19.09.2010;;50;Gut
20.09.2010;;48;Gut
21.09.2010;;46;Gut
22.09.2010;;46;Gut
23.09.2010;;46;Gut
24.09.2010;;46;Gut
25.09.2010;;46;Gut
26.09.2010;;52;Gut
27.09.2010;;64;Gut
28.09.2010;;70;Gut
29.09.2010;;66;Gut
30.09.2010;;64;Gut
01.10.2010;;62;Gut
02.10.2010;;60;Gut
03.10.2010;;60;Gut
04.10.2010;;56;Gut
05.10.2010;;56;Gut
06.10.2010;;56;Gut
07.10.2010;;54;Gut
08.10.2010;;56;Gut
09.10.2010;;52;Gut
10.10.2010;;46;Gut
11.10.2010;;42;Gut
12.10.2010;;40;Gut
13.10.2010;;40;Gut
14.10.2010;;40;Gut
15.10.2010;;40;Gut
16.10.2010;;40;Gut
17.10.2010;;44;Gut
18.10.2010;;42;Gut
19.10.2010;;42;Gut
20.10.2010;;42;Gut
21.10.2010;;42;Gut
22.10.2010;;42;Gut
23.10.2010;;42;Gut
24.10.2010;;42;Gut
25.10.2010;;42;Gut
26.10.2010;;42;Gut
27.10.2010;;40;Gut
28.10.2010;;40;Gut
29.10.2010;;38;Gut
30.10.2010;;38;Gut
31.10.2010;;38;Gut
01.11.2010;;38;Gut
02.11.2010;;38;Gut
03.11.2010;;38;Gut
04.11.2010;;38;Gut
05.11.2010;;38;Gut
06.11.2010;;42;Gut
07.11.2010;;44;Gut
08.11.2010;;45;Gut
09.11.2010;;48;Gut
10.11.2010;;48;Gut
11.11.2010;;48;Gut
12.11.2010;;50;Gut
13.11.2010;;52;Gut
14.11.2010;;54;Gut
15.11.2010;;54;Gut
16.11.2010;;56;Gut
17.11.2010;;59;Gut
18.11.2010;;64;Gut
19.11.2010;;64;Gut
20.11.2010;;62;Gut
21.11.2010;;62;Gut
22.11.2010;;62;Gut
23.11.2010;;62;Gut
24.11.2010;;62;Gut
25.11.2010;;60;Gut
26.11.2010;;60;Gut
27.11.2010;;58;Gut
28.11.2010;;56;Gut
29.11.2010;;54;Gut
30.11.2010;;54;Gut
01.12.2010;;54;Gut
02.12.2010;;54;Gut
03.12.2010;;56;Gut
04.12.2010;;54;Gut
05.12.2010;;52;Gut
06.12.2010;;52;Gut
07.12.2010;;48;Gut
08.12.2010;;48;Gut
09.12.2010;;46;Gut
10.12.2010;;46;Gut
11.12.2010;;46;Gut
12.12.2010;;64;Gut
13.12.2010;;64;Gut
14.12.2010;;64;Gut
15.12.2010;;64;Gut
16.12.2010;;68;Gut
17.12.2010;;64;Gut
18.12.2010;;64;Gut
19.12.2010;;64;Gut
20.12.2010;;64;Gut
21.12.2010;;60;Gut
22.12.2010;;58;Gut
23.12.2010;;58;Gut
24.12.2010;;58;Gut
25.12.2010;;58;Gut
26.12.2010;;58;Gut
27.12.2010;;56;Gut
28.12.2010;;54;Gut
29.12.2010;;54;Gut
30.12.2010;;54;Gut
31.12.2010;;54;Gut
01.01.2011;;58;Gut
02.01.2011;;62;Gut
03.01.2011;;62;Gut
04.01.2011;;60;Gut
05.01.2011;;58;Gut
06.01.2011;;58;Gut
07.01.2011;;64;Gut
08.01.2011;;72;Gut
09.01.2011;;80;Gut
10.01.2011;;76;Gut
11.01.2011;;72;Gut
12.01.2011;;72;Gut
13.01.2011;;76;Gut
14.01.2011;;80;Gut
15.01.2011;;80;Gut
16.01.2011;;78;Gut
17.01.2011;;76;Gut
18.01.2011;;74;Gut
19.01.2011;;72;Gut
20.01.2011;;70;Gut
21.01.2011;;68;Gut
22.01.2011;;66;Gut
23.01.2011;;65;Gut
24.01.2011;;64;Gut
25.01.2011;;64;Gut
26.01.2011;;64;Gut
27.01.2011;;64;Gut
28.01.2011;;60;Gut
29.01.2011;;58;Gut
30.01.2011;;56;Gut
31.01.2011;;54;Gut
01.02.2011;;50;Gut
02.02.2011;;48;Gut
03.02.2011;;48;Gut
04.02.2011;;50;Gut
05.02.2011;;52;Gut
06.02.2011;;62;Gut
07.02.2011;;62;Gut
08.02.2011;;60;Gut
09.02.2011;;58;Gut
10.02.2011;;58;Gut
11.02.2011;;58;Gut
12.02.2011;;58;Gut
13.02.2011;;56;Gut
14.02.2011;;55;Gut
15.02.2011;;54;Gut
16.02.2011;;52;Gut
17.02.2011;;50;Gut
18.02.2011;;50;Gut
19.02.2011;;48;Gut
20.02.2011;;46;Gut
21.02.2011;;44;Gut
22.02.2011;;52;Gut
23.02.2011;;52;Gut
24.02.2011;;48;Gut
25.02.2011;;42;Gut
26.02.2011;;38;Gut
27.02.2011;;34;Gut
28.02.2011;;34;Gut
01.03.2011;;36;Gut
02.03.2011;;36;Gut
03.03.2011;;40;Gut
04.03.2011;;40;Gut
05.03.2011;;40;Gut
06.03.2011;;40;Gut
07.03.2011;;40;Gut
08.03.2011;;38;Gut
09.03.2011;;36;Gut
10.03.2011;;36;Gut
11.03.2011;;36;Gut
12.03.2011;;54;Gut
13.03.2011;;54;Gut
14.03.2011;;56;Gut
15.03.2011;;56;Gut
16.03.2011;;56;Gut
17.03.2011;;58;Gut
18.03.2011;;52;Gut
19.03.2011;;52;Gut
20.03.2011;;48;Gut
21.03.2011;;46;Gut
22.03.2011;;44;Gut
23.03.2011;;42;Gut
24.03.2011;;42;Gut
25.03.2011;;42;Gut
26.03.2011;;40;Gut
27.03.2011;;40;Gut
28.03.2011;;40;Gut
29.03.2011;;40;Gut
30.03.2011;;40;Gut
31.03.2011;;40;Gut
01.04.2011;;40;Gut
02.04.2011;;40;Gut
03.04.2011;;40;Gut
04.04.2011;;40;Gut
05.04.2011;;42;Gut
06.04.2011;;42;Gut
07.04.2011;;40;Gut
08.04.2011;;23;Gut
09.04.2011;;30;Gut
10.04.2011;;32;Gut
11.04.2011;;32;Gut
12.04.2011;;34;Gut
13.04.2011;;38;Gut
14.04.2011;;38;Gut
15.04.2011;;40;Gut
16.04.2011;;42;Gut
17.04.2011;;40;Gut
18.04.2011;;46;Gut
19.04.2011;;48;Gut
20.04.2011;;50;Gut
21.04.2011;;50;Gut
22.04.2011;;50;Gut
23.04.2011;;50;Gut
24.04.2011;;48;Gut
25.04.2011;;48;Gut
26.04.2011;;48;Gut
27.04.2011;;48;Gut
28.04.2011;;48;Gut
29.04.2011;;48;Gut
30.04.2011;;48;Gut
01.05.2011;;42;Gut
02.05.2011;;42;Gut
03.05.2011;;40;Gut
04.05.2011;;40;Gut
05.05.2011;;38;Gut
06.05.2011;;38;Gut
07.05.2011;;38;Gut
08.05.2011;;36;Gut
09.05.2011;;36;Gut
10.05.2011;;36;Gut
11.05.2011;;36;Gut
12.05.2011;;36;Gut
13.05.2011;;36;Gut
14.05.2011;;34;Gut
15.05.2011;;34;Gut
16.05.2011;;32;Gut
17.05.2011;;32;Gut
18.05.2011;;30;Gut
19.05.2011;;36;Gut
20.05.2011;;36;Gut
21.05.2011;;36;Gut
22.05.2011;;36;Gut
23.05.2011;;36;Gut
24.05.2011;;34;Gut
25.05.2011;;34;Gut
26.05.2011;;32;Gut
27.05.2011;;32;Gut
28.05.2011;;32;Gut
29.05.2011;;30;Gut
30.05.2011;;30;Gut
31.05.2011;;30;Gut
01.06.2011;;30;Gut
02.06.2011;;30;Gut
03.06.2011;;28;Gut
04.06.2011;;28;Gut
05.06.2011;;28;Gut
06.06.2011;;28;Gut
07.06.2011;;28;Gut
08.06.2011;;32;Gut
09.06.2011;;36;Gut
10.06.2011;;36;Gut
11.06.2011;;36;Gut
12.06.2011;;36;Gut
13.06.2011;;36;Gut
14.06.2011;;36;Gut
15.06.2011;;36;Gut
16.06.2011;;36;Gut
17.06.2011;;34;Gut
18.06.2011;;32;Gut
19.06.2011;;32;Gut
20.06.2011;;36;Gut
21.06.2011;;36;Gut
22.06.2011;;34;Gut
23.06.2011;;39;Gut
24.06.2011;;38;Gut
25.06.2011;;38;Gut
26.06.2011;;40;Gut
27.06.2011;;40;Gut
28.06.2011;;38;Gut
29.06.2011;;38;Gut
30.06.2011;;36;Gut
01.07.2011;;36;Gut
02.07.2011;;35;Gut
03.07.2011;;38;Gut
04.07.2011;;41;Gut
05.07.2011;;42;Gut
06.07.2011;;40;Gut
07.07.2011;;40;Gut
08.07.2011;;40;Gut
09.07.2011;;39;Gut
10.07.2011;;40;Gut
11.07.2011;;40;Gut
12.07.2011;;40;Gut
13.07.2011;;38;Gut
14.07.2011;;46;Gut
15.07.2011;;44;Gut
16.07.2011;;44;Gut
17.07.2011;;42;Gut
18.07.2011;;44;Gut
19.07.2011;;46;Gut
20.07.2011;;36;Gut
21.07.2011;;40;Gut
22.07.2011;;45;Gut
23.07.2011;;50;Gut
24.07.2011;;48;Gut
25.07.2011;;48;Gut
26.07.2011;;48;Gut
27.07.2011;;46;Gut
28.07.2011;;46;Gut
29.07.2011;;46;Gut
30.07.2011;;70;Gut
31.07.2011;;76;Gut
01.08.2011;;76;Gut
02.08.2011;;76;Gut
03.08.2011;;70;Gut
04.08.2011;;66;Gut
05.08.2011;;66;Gut
06.08.2011;;66;Gut
07.08.2011;;64;Gut
08.08.2011;;62;Gut
09.08.2011;;50;Gut
10.08.2011;;52;Gut
11.08.2011;;56;Gut
12.08.2011;;56;Gut
13.08.2011;;56;Gut
14.08.2011;;56;Gut
15.08.2011;;54;Gut
16.08.2011;;52;Gut
17.08.2011;;52;Gut
18.08.2011;;50;Gut
19.08.2011;;50;Gut
20.08.2011;;46;Gut
21.08.2011;;46;Gut
22.08.2011;;44;Gut
23.08.2011;;42;Gut
24.08.2011;;44;Gut
25.08.2011;;54;Gut
26.08.2011;;52;Gut
27.08.2011;;52;Gut
28.08.2011;;52;Gut
29.08.2011;;50;Gut
30.08.2011;;48;Gut
31.08.2011;;46;Gut
01.09.2011;;44;Gut
02.09.2011;;44;Gut
03.09.2011;;44;Gut
04.09.2011;;44;Gut
05.09.2011;;44;Gut
06.09.2011;;54;Gut
07.09.2011;;56;Gut
08.09.2011;;56;Gut
09.09.2011;;66;Gut
10.09.2011;;72;Gut
11.09.2011;;72;Gut
12.09.2011;;72;Gut
13.09.2011;;82;Gut
14.09.2011;;72;Gut
15.09.2011;;64;Gut
16.09.2011;;62;Gut
17.09.2011;;60;Gut
18.09.2011;;62;Gut
19.09.2011;;72;Gut
20.09.2011;;66;Gut
21.09.2011;;64;Gut
22.09.2011;;62;Gut
23.09.2011;;58;Gut
24.09.2011;;56;Gut
25.09.2011;;56;Gut
26.09.2011;;56;Gut
27.09.2011;;56;Gut
28.09.2011;;56;Gut
29.09.2011;;54;Gut
30.09.2011;;54;Gut
01.10.2011;;52;Gut
02.10.2011;;52;Gut
03.10.2011;;52;Gut
04.10.2011;;52;Gut
05.10.2011;;52;Gut
06.10.2011;;52;Gut
07.10.2011;;52;Gut
08.10.2011;;52;Gut
09.10.2011;;50;Gut
10.10.2011;;52;Gut
11.10.2011;;54;Gut
12.10.2011;;62;Gut
13.10.2011;;60;Gut
14.10.2011;;60;Gut
15.10.2011;;56;Gut
16.10.2011;;56;Gut
17.10.2011;;56;Gut
18.10.2011;;55;Gut
19.10.2011;;55;Gut
20.10.2011;;54;Gut
21.10.2011;;54;Gut
22.10.2011;;52;Gut
23.10.2011;;52;Gut
24.10.2011;;52;Gut
25.10.2011;;52;Gut
26.10.2011;;52;Gut
27.10.2011;;52;Gut
28.10.2011;;50;Gut
29.10.2011;;45;Gut
30.10.2011;;45;Gut
31.10.2011;;44;Gut
01.11.2011;;44;Gut
02.11.2011;;44;Gut
03.11.2011;;44;Gut
04.11.2011;;40;Gut
05.11.2011;;38;Gut
06.11.2011;;38;Gut
07.11.2011;;38;Gut
08.11.2011;;38;Gut
09.11.2011;;38;Gut
10.11.2011;;38;Gut
11.11.2011;;38;Gut
12.11.2011;;38;Gut
13.11.2011;;38;Gut
14.11.2011;;36;Gut
15.11.2011;;34;Gut
16.11.2011;;34;Gut
17.11.2011;;34;Gut
18.11.2011;;34;Gut
19.11.2011;;34;Gut
20.11.2011;;34;Gut
21.11.2011;;32;Gut
22.11.2011;;32;Gut
23.11.2011;;32;Gut
24.11.2011;;32;Gut
25.11.2011;;32;Gut
26.11.2011;;32;Gut
27.11.2011;;32;Gut
28.11.2011;;32;Gut
29.11.2011;;30;Gut
30.11.2011;;30;Gut
01.12.2011;;30;Gut
02.12.2011;;32;Gut
03.12.2011;;32;Gut
04.12.2011;;34;Gut
05.12.2011;;34;Gut
06.12.2011;;32;Gut
07.12.2011;;32;Gut
08.12.2011;;36;Gut
09.12.2011;;36;Gut
10.12.2011;;36;Gut
11.12.2011;;36;Gut
12.12.2011;;36;Gut
13.12.2011;;36;Gut
14.12.2011;;36;Gut
15.12.2011;;36;Gut
16.12.2011;;34;Gut
17.12.2011;;44;Gut
18.12.2011;;44;Gut
19.12.2011;;46;Gut
20.12.2011;;44;Gut
21.12.2011;;44;Gut
22.12.2011;;44;Gut
23.12.2011;;44;Gut
24.12.2011;;44;Gut
25.12.2011;;46;Gut
26.12.2011;;46;Gut
27.12.2011;;44;Gut
28.12.2011;;44;Gut
29.12.2011;;44;Gut
30.12.2011;;44;Gut
31.12.2011;;46;Gut
01.01.2012;;46;Gut
02.01.2012;;46;Gut
03.01.2012;;50;Gut
04.01.2012;;52;Gut
05.01.2012;;54;Gut
06.01.2012;;55;Gut
07.01.2012;;55;Gut
08.01.2012;;54;Gut
09.01.2012;;54;Gut
10.01.2012;;54;Gut
11.01.2012;;54;Gut
12.01.2012;;54;Gut
13.01.2012;;55;Gut
14.01.2012;;55;Gut
15.01.2012;;54;Gut
16.01.2012;;52;Gut
17.01.2012;;52;Gut
18.01.2012;;52;Gut
19.01.2012;;55;Gut
20.01.2012;;56;Gut
21.01.2012;;56;Gut
22.01.2012;;59;Gut
23.01.2012;;59;Gut
24.01.2012;;59;Gut
25.01.2012;;58;Gut
26.01.2012;;57;Gut
27.01.2012;;54;Gut
28.01.2012;;54;Gut
29.01.2012;;50;Gut
30.01.2012;;48;Gut
31.01.2012;;45;Gut
01.02.2012;;44;Gut
02.02.2012;;42;Gut
03.02.2012;;40;Gut
04.02.2012;;40;Gut
05.02.2012;;40;Gut
06.02.2012;;40;Gut
07.02.2012;;40;Gut
08.02.2012;;39;Gut
09.02.2012;;39;Gut
10.02.2012;;39;Gut
11.02.2012;;39;Gut
12.02.2012;;39;Gut
13.02.2012;;39;Gut
14.02.2012;;40;Gut
15.02.2012;;42;Gut
16.02.2012;;42;Gut
17.02.2012;;40;Gut
18.02.2012;;40;Gut
19.02.2012;;42;Gut
20.02.2012;;42;Gut
21.02.2012;;42;Gut
22.02.2012;;44;Gut
23.02.2012;;48;Gut
24.02.2012;;52;Gut
25.02.2012;;56;Gut
26.02.2012;;56;Gut
27.02.2012;;58;Gut
28.02.2012;;60;Gut
29.02.2012;;60;Gut
01.03.2012;;60;Gut
02.03.2012;;60;Gut
03.03.2012;;58;Gut
04.03.2012;;55;Gut
05.03.2012;;53;Gut
06.03.2012;;50;Gut
07.03.2012;;50;Gut
08.03.2012;;50;Gut
09.03.2012;;50;Gut
10.03.2012;;50;Gut
11.03.2012;;50;Gut
12.03.2012;;48;Gut
13.03.2012;;48;Gut
14.03.2012;;48;Gut
15.03.2012;;46;Gut
16.03.2012;;46;Gut
17.03.2012;;45;Gut
18.03.2012;;45;Gut
19.03.2012;;45;Gut
20.03.2012;;45;Gut
21.03.2012;;45;Gut
22.03.2012;;45;Gut
23.03.2012;;40;Gut
24.03.2012;;40;Gut
25.03.2012;;40;Gut
26.03.2012;;40;Gut
27.03.2012;;40;Gut
28.03.2012;;40;Gut
29.03.2012;;40;Gut
30.03.2012;;40;Gut
31.03.2012;;40;Gut
01.04.2012;;40;Gut
02.04.2012;;40;Gut
03.04.2012;;40;Gut
04.04.2012;;40;Gut
05.04.2012;;40;Gut
06.04.2012;;40;Gut
07.04.2012;;40;Gut
08.04.2012;;40;Gut
09.04.2012;;40;Gut
10.04.2012;;40;Gut
11.04.2012;;40;Gut
12.04.2012;;40;Gut
13.04.2012;;40;Gut
14.04.2012;;40;Gut
15.04.2012;;40;Gut
16.04.2012;;40;Gut
17.04.2012;;39;Gut
18.04.2012;;39;Gut
19.04.2012;;38;Gut
20.04.2012;;38;Gut
21.04.2012;;38;Gut
22.04.2012;;38;Gut
23.04.2012;;38;Gut
24.04.2012;;38;Gut
25.04.2012;;42;Gut
26.04.2012;;42;Gut
27.04.2012;;46;Gut
28.04.2012;;46;Gut
29.04.2012;;46;Gut
30.04.2012;;46;Gut
01.05.2012;;45;Gut
02.05.2012;;44;Gut
03.05.2012;;44;Gut
04.05.2012;;44;Gut
05.05.2012;;44;Gut
06.05.2012;;46;Gut
07.05.2012;;48;Gut
08.05.2012;;50;Gut
09.05.2012;;50;Gut
10.05.2012;;50;Gut
11.05.2012;;48;Gut
12.05.2012;;48;Gut
13.05.2012;;46;Gut
14.05.2012;;46;Gut
15.05.2012;;45;Gut
16.05.2012;;45;Gut
17.05.2012;;42;Gut
18.05.2012;;40;Gut
19.05.2012;;38;Gut
20.05.2012;;38;Gut
21.05.2012;;36;Gut
22.05.2012;;36;Gut
23.05.2012;;36;Gut
24.05.2012;;36;Gut
25.05.2012;;36;Gut
26.05.2012;;36;Gut
27.05.2012;;36;Gut
28.05.2012;;34;Gut
29.05.2012;;34;Gut
30.05.2012;;36;Gut
31.05.2012;;36;Gut
01.06.2012;;42;Gut
02.06.2012;;42;Gut
03.06.2012;;40;Gut
04.06.2012;;40;Gut
05.06.2012;;45;Gut
06.06.2012;;45;Gut
07.06.2012;;43;Gut
08.06.2012;;43;Gut
09.06.2012;;42;Gut
10.06.2012;;42;Gut
11.06.2012;;42;Gut
12.06.2012;;40;Gut
13.06.2012;;40;Gut
14.06.2012;;40;Gut
15.06.2012;;40;Gut
16.06.2012;;38;Gut
17.06.2012;;38;Gut
18.06.2012;;38;Gut
19.06.2012;;36;Gut
20.06.2012;;40;Gut
21.06.2012;;44;Gut
22.06.2012;;44;Gut
23.06.2012;;42;Gut
24.06.2012;;42;Gut
25.06.2012;;44;Gut
26.06.2012;;44;Gut
27.06.2012;;44;Gut
28.06.2012;;44;Gut
29.06.2012;;44;Gut
30.06.2012;;42;Gut
01.07.2012;;42;Gut
02.07.2012;;44;Gut
03.07.2012;;44;Gut
04.07.2012;;42;Gut
05.07.2012;;52;Gut
06.07.2012;;58;Gut
07.07.2012;;62;Gut
08.07.2012;;58;Gut
09.07.2012;;60;Gut
10.07.2012;;60;Gut
11.07.2012;;60;Gut
12.07.2012;;60;Gut
13.07.2012;;62;Gut
14.07.2012;;66;Gut
15.07.2012;;70;Gut
16.07.2012;;69;Gut
17.07.2012;;69;Gut
18.07.2012;;70;Gut
19.07.2012;;70;Gut
20.07.2012;;74;Gut
21.07.2012;;82;Gut
22.07.2012;;78;Gut
23.07.2012;;76;Gut
24.07.2012;;76;Gut
25.07.2012;;76;Gut
26.07.2012;;74;Gut
27.07.2012;;74;Gut
28.07.2012;;72;Gut
29.07.2012;;72;Gut
30.07.2012;;80;Gut
31.07.2012;;78;Gut
01.08.2012;;74;Gut
02.08.2012;;70;Gut
03.08.2012;;66;Gut
04.08.2012;;84;Gut
05.08.2012;;82;Gut
06.08.2012;;76;Gut
07.08.2012;;76;Gut
08.08.2012;;76;Gut
09.08.2012;;70;Gut
10.08.2012;;68;Gut
11.08.2012;;66;Gut
12.08.2012;;64;Gut
13.08.2012;;62;Gut
14.08.2012;;60;Gut
15.08.2012;;58;Gut
16.08.2012;;56;Gut
17.08.2012;;56;Gut
18.08.2012;;55;Gut
19.08.2012;;54;Gut
20.08.2012;;54;Gut
21.08.2012;;54;Gut
22.08.2012;;52;Gut
23.08.2012;;52;Gut
24.08.2012;;50;Gut
25.08.2012;;50;Gut
26.08.2012;;48;Gut
27.08.2012;;46;Gut
28.08.2012;;46;Gut
29.08.2012;;46;Gut
30.08.2012;;46;Gut
31.08.2012;;46;Gut
01.09.2012;;46;Gut
02.09.2012;;46;Gut
03.09.2012;;44;Gut
04.09.2012;;42;Gut
05.09.2012;;40;Gut
06.09.2012;;40;Gut
07.09.2012;;40;Gut
08.09.2012;;40;Gut
09.09.2012;;38;Gut
10.09.2012;;36;Gut
11.09.2012;;36;Gut
12.09.2012;;36;Gut
13.09.2012;;36;Gut
14.09.2012;;36;Gut
15.09.2012;;36;Gut
16.09.2012;;36;Gut
17.09.2012;;36;Gut
18.09.2012;;36;Gut
19.09.2012;;36;Gut
20.09.2012;;36;Gut
21.09.2012;;34;Gut
22.09.2012;;34;Gut
23.09.2012;;34;Gut
24.09.2012;;34;Gut
25.09.2012;;34;Gut
26.09.2012;;34;Gut
27.09.2012;;34;Gut
28.09.2012;;36;Gut
29.09.2012;;36;Gut
30.09.2012;;36;Gut
01.10.2012;;36;Gut
02.10.2012;;36;Gut
03.10.2012;;36;Gut
04.10.2012;;36;Gut
05.10.2012;;36;Gut
06.10.2012;;36;Gut
07.10.2012;;40;Gut
08.10.2012;;40;Gut
09.10.2012;;40;Gut
10.10.2012;;40;Gut
11.10.2012;;40;Gut
12.10.2012;;40;Gut
13.10.2012;;40;Gut
14.10.2012;;40;Gut
15.10.2012;;40;Gut
16.10.2012;;40;Gut
17.10.2012;;40;Gut
18.10.2012;;39;Gut
19.10.2012;;38;Gut
20.10.2012;;38;Gut
21.10.2012;;38;Gut
22.10.2012;;38;Gut
23.10.2012;;40;Gut
24.10.2012;;40;Gut
25.10.2012;;40;Gut
26.10.2012;;42;Gut
27.10.2012;;42;Gut
28.10.2012;;42;Gut
29.10.2012;;42;Gut
30.10.2012;;42;Gut
31.10.2012;;42;Gut
01.11.2012;;42;Gut
02.11.2012;;42;Gut
03.11.2012;;45;Gut
04.11.2012;;45;Gut
05.11.2012;;45;Gut
06.11.2012;;45;Gut
07.11.2012;;45;Gut
08.11.2012;;45;Gut
09.11.2012;;45;Gut
10.11.2012;;45;Gut
11.11.2012;;45;Gut
12.11.2012;;44;Gut
13.11.2012;;44;Gut
14.11.2012;;44;Gut
15.11.2012;;44;Gut
16.11.2012;;44;Gut
17.11.2012;;44;Gut
18.11.2012;;44;Gut
19.11.2012;;44;Gut
20.11.2012;;44;Gut
21.11.2012;;44;Gut
22.11.2012;;44;Gut
23.11.2012;;44;Gut
24.11.2012;;44;Gut
25.11.2012;;44;Gut
26.11.2012;;44;Gut
27.11.2012;;44;Gut
28.11.2012;;44;Gut
29.11.2012;;48;Gut
30.11.2012;;58;Gut
01.12.2012;;58;Gut
02.12.2012;;58;Gut
03.12.2012;;54;Gut
04.12.2012;;54;Gut
05.12.2012;;54;Gut
06.12.2012;;54;Gut
07.12.2012;;50;Gut
08.12.2012;;50;Gut
09.12.2012;;46;Gut
10.12.2012;;50;Gut
11.12.2012;;50;Gut
12.12.2012;;48;Gut
13.12.2012;;48;Gut
14.12.2012;;48;Gut
15.12.2012;;50;Gut
16.12.2012;;55;Gut
17.12.2012;;58;Gut
18.12.2012;;60;Gut
19.12.2012;;60;Gut
20.12.2012;;60;Gut
21.12.2012;;58;Gut
22.12.2012;;56;Gut
23.12.2012;;56;Gut
24.12.2012;;60;Gut
25.12.2012;;60;Gut
26.12.2012;;58;Gut
27.12.2012;;60;Gut
28.12.2012;;60;Gut
29.12.2012;;58;Gut
30.12.2012;;58;Gut
31.12.2012;;58;Gut
01.01.2013;;56;Gut
02.01.2013;;56;Gut
03.01.2013;;54;Gut
04.01.2013;;54;Gut
05.01.2013;;60;Gut
06.01.2013;;62;Gut
07.01.2013;;62;Gut
08.01.2013;;62;Gut
09.01.2013;;62;Gut
10.01.2013;;65;Gut
11.01.2013;;64;Gut
12.01.2013;;61;Gut
13.01.2013;;61;Gut
14.01.2013;;58;Gut
15.01.2013;;56;Gut
16.01.2013;;54;Gut
17.01.2013;;52;Gut
18.01.2013;;52;Gut
19.01.2013;;52;Gut
20.01.2013;;52;Gut
21.01.2013;;52;Gut
22.01.2013;;52;Gut
23.01.2013;;50;Gut
24.01.2013;;48;Gut
25.01.2013;;48;Gut
26.01.2013;;48;Gut
27.01.2013;;46;Gut
28.01.2013;;48;Gut
29.01.2013;;56;Gut
30.01.2013;;58;Gut
31.01.2013;;61;Gut
01.02.2013;;64;Gut
02.02.2013;;64;Gut
03.02.2013;;64;Gut
04.02.2013;;62;Gut
05.02.2013;;62;Gut
06.02.2013;;62;Gut
07.02.2013;;62;Gut
08.02.2013;;62;Gut
09.02.2013;;62;Gut
10.02.2013;;60;Gut
11.02.2013;;58;Gut
12.02.2013;;58;Gut
13.02.2013;;57;Gut
14.02.2013;;56;Gut
15.02.2013;;56;Gut
16.02.2013;;55;Gut
17.02.2013;;54;Gut
18.02.2013;;54;Gut
19.02.2013;;54;Gut
20.02.2013;;54;Gut
21.02.2013;;54;Gut
22.02.2013;;54;Gut
23.02.2013;;52;Gut
24.02.2013;;51;Gut
25.02.2013;;52;Gut
26.02.2013;;53;Gut
27.02.2013;;52;Gut
28.02.2013;;51;Gut
01.03.2013;;51;Gut
02.03.2013;;50;Gut
03.03.2013;;50;Gut
04.03.2013;;50;Gut
05.03.2013;;48;Gut
06.03.2013;;48;Gut
07.03.2013;;48;Gut
08.03.2013;;48;Gut
09.03.2013;;48;Gut
10.03.2013;;48;Gut
11.03.2013;;48;Gut
12.03.2013;;48;Gut
13.03.2013;;48;Gut
14.03.2013;;48;Gut
15.03.2013;;48;Gut
16.03.2013;;48;Gut
17.03.2013;;48;Gut
18.03.2013;;48;Gut
19.03.2013;;48;Gut
20.03.2013;;46;Gut
21.03.2013;;46;Gut
22.03.2013;;46;Gut
23.03.2013;;48;Gut
24.03.2013;;46;Gut
25.03.2013;;46;Gut
26.03.2013;;44;Gut
27.03.2013;;44;Gut
28.03.2013;;44;Gut
29.03.2013;;48;Gut
30.03.2013;;48;Gut
31.03.2013;;48;Gut
01.04.2013;;48;Gut
02.04.2013;;46;Gut
03.04.2013;;46;Gut
04.04.2013;;46;Gut
05.04.2013;;46;Gut
06.04.2013;;46;Gut
07.04.2013;;46;Gut
08.04.2013;;46;Gut
09.04.2013;;46;Gut
10.04.2013;;46;Gut
11.04.2013;;46;Gut
12.04.2013;;46;Gut
13.04.2013;;46;Gut
14.04.2013;;46;Gut
15.04.2013;;46;Gut
16.04.2013;;46;Gut
17.04.2013;;44;Gut
18.04.2013;;44;Gut
19.04.2013;;42;Gut
20.04.2013;;42;Gut
21.04.2013;;42;Gut
22.04.2013;;40;Gut
23.04.2013;;40;Gut
24.04.2013;;40;Gut
25.04.2013;;40;Gut
26.04.2013;;40;Gut
27.04.2013;;41;Gut
28.04.2013;;42;Gut
29.04.2013;;42;Gut
30.04.2013;;41;Gut
01.05.2013;;41;Gut
02.05.2013;;40;Gut
03.05.2013;;38;Gut
04.05.2013;;38;Gut
05.05.2013;;38;Gut
06.05.2013;;38;Gut
07.05.2013;;38;Gut
08.05.2013;;28;Gut
09.05.2013;;30;Gut
10.05.2013;;32;Gut
11.05.2013;;35;Gut
12.05.2013;;35;Gut
13.05.2013;;38;Gut
14.05.2013;;38;Gut
15.05.2013;;38;Gut
16.05.2013;;38;Gut
17.05.2013;;38;Gut
18.05.2013;;38;Gut
19.05.2013;;38;Gut
20.05.2013;;38;Gut
21.05.2013;;38;Gut
22.05.2013;;36;Gut
23.05.2013;;36;Gut
24.05.2013;;36;Gut
25.05.2013;;36;Gut
26.05.2013;;46;Gut
27.05.2013;;50;Gut
28.05.2013;;60;Gut
29.05.2013;;53;Gut
30.05.2013;;58;Gut
31.05.2013;;70;Gut
01.06.2013;;76;Gut
02.06.2013;;76;Gut
03.06.2013;;80;Gut
04.06.2013;;78;Gut
05.06.2013;;76;Gut
06.06.2013;;75;Gut
07.06.2013;;72;Gut
08.06.2013;;70;Gut
09.06.2013;;70;Gut
10.06.2013;;72;Gut
11.06.2013;;70;Gut
12.06.2013;;66;Gut
13.06.2013;;64;Gut
14.06.2013;;62;Gut
15.06.2013;;60;Gut
16.06.2013;;56;Gut
17.06.2013;;52;Gut
18.06.2013;;50;Gut
19.06.2013;;50;Gut
20.06.2013;;48;Gut
21.06.2013;;53;Gut
22.06.2013;;53;Gut
23.06.2013;;52;Gut
24.06.2013;;52;Gut
25.06.2013;;52;Gut
26.06.2013;;64;Gut
27.06.2013;;64;Gut
28.06.2013;;64;Gut
29.06.2013;;62;Gut
30.06.2013;;62;Gut
01.07.2013;;62;Gut
02.07.2013;;68;Gut
03.07.2013;;70;Gut
04.07.2013;;78;Gut
05.07.2013;;70;Gut
06.07.2013;;65;Gut
07.07.2013;;58;Gut
08.07.2013;;40;Gut
09.07.2013;;40;Gut
10.07.2013;;38;Gut
11.07.2013;;36;Gut
12.07.2013;;26;Gut
13.07.2013;;26;Gut
14.07.2013;;28;Gut
15.07.2013;;28;Gut
16.07.2013;;26;Gut
17.07.2013;;26;Gut
18.07.2013;;26;Gut
19.07.2013;;25;Gut
20.07.2013;;25;Gut
21.07.2013;;24;Gut
22.07.2013;;24;Gut
23.07.2013;;24;Gut
24.07.2013;;24;Gut
25.07.2013;;36;Gut
26.07.2013;;36;Gut
27.07.2013;;36;Gut
28.07.2013;;36;Gut
29.07.2013;;34;Gut
30.07.2013;;46;Gut
31.07.2013;;48;Gut
01.08.2013;;48;Gut
02.08.2013;;48;Gut
03.08.2013;;46;Gut
04.08.2013;;46;Gut
05.08.2013;;46;Gut
06.08.2013;;46;Gut
07.08.2013;;52;Gut
08.08.2013;;52;Gut
09.08.2013;;52;Gut
10.08.2013;;54;Gut
11.08.2013;;54;Gut
12.08.2013;;54;Gut
13.08.2013;;54;Gut
14.08.2013;;56;Gut
15.08.2013;;56;Gut
16.08.2013;;54;Gut
17.08.2013;;52;Gut
18.08.2013;;52;Gut
19.08.2013;;52;Gut
20.08.2013;;52;Gut
21.08.2013;;52;Gut
22.08.2013;;54;Gut
23.08.2013;;54;Gut
24.08.2013;;52;Gut
25.08.2013;;52;Gut
26.08.2013;;50;Gut
27.08.2013;;50;Gut
28.08.2013;;50;Gut
29.08.2013;;50;Gut
30.08.2013;;48;Gut
31.08.2013;;48;Gut
01.09.2013;;48;Gut
02.09.2013;;48;Gut
03.09.2013;;48;Gut
04.09.2013;;52;Gut
05.09.2013;;52;Gut
06.09.2013;;52;Gut
07.09.2013;;52;Gut
08.09.2013;;52;Gut
09.09.2013;;54;Gut
10.09.2013;;54;Gut
11.09.2013;;57;Gut
12.09.2013;;57;Gut
13.09.2013;;57;Gut
14.09.2013;;57;Gut
15.09.2013;;57;Gut
16.09.2013;;57;Gut
17.09.2013;;56;Gut
18.09.2013;;56;Gut
19.09.2013;;58;Gut
20.09.2013;;58;Gut
21.09.2013;;58;Gut
22.09.2013;;58;Gut
23.09.2013;;58;Gut
24.09.2013;;58;Gut
25.09.2013;;58;Gut
26.09.2013;;58;Gut
27.09.2013;;58;Gut
28.09.2013;;58;Gut
29.09.2013;;56;Gut
30.09.2013;;56;Gut
01.10.2013;;56;Gut
02.10.2013;;56;Gut
03.10.2013;;54;Gut
04.10.2013;;54;Gut
05.10.2013;;54;Gut
06.10.2013;;54;Gut
07.10.2013;;52;Gut
08.10.2013;;52;Gut
09.10.2013;;50;Gut
10.10.2013;;50;Gut
11.10.2013;;50;Gut
12.10.2013;;53;Gut
13.10.2013;;59;Gut
14.10.2013;;59;Gut
15.10.2013;;59;Gut
16.10.2013;;59;Gut
17.10.2013;;56;Gut
18.10.2013;;57;Gut
19.10.2013;;56;Gut
20.10.2013;;54;Gut
21.10.2013;;54;Gut
22.10.2013;;54;Gut
23.10.2013;;54;Gut
24.10.2013;;54;Gut
25.10.2013;;52;Gut
26.10.2013;;52;Gut
27.10.2013;;52;Gut
28.10.2013;;52;Gut
29.10.2013;;52;Gut
30.10.2013;;52;Gut
31.10.2013;;52;Gut
01.11.2013;;53;Gut
02.11.2013;;53;Gut
03.11.2013;;53;Gut
04.11.2013;;53;Gut
05.11.2013;;54;Gut
06.11.2013;;54;Gut
07.11.2013;;54;Gut
08.11.2013;;54;Gut
09.11.2013;;54;Gut
10.11.2013;;54;Gut
11.11.2013;;54;Gut
12.11.2013;;52;Gut
13.11.2013;;52;Gut
14.11.2013;;50;Gut
15.11.2013;;50;Gut
16.11.2013;;50;Gut
17.11.2013;;50;Gut
18.11.2013;;50;Gut
19.11.2013;;50;Gut
20.11.2013;;50;Gut
21.11.2013;;53;Gut
22.11.2013;;55;Gut
23.11.2013;;55;Gut
24.11.2013;;57;Gut
25.11.2013;;57;Gut
26.11.2013;;55;Gut
27.11.2013;;53;Gut
28.11.2013;;51;Gut
29.11.2013;;52;Gut
30.11.2013;;52;Gut
01.12.2013;;54;Gut
02.12.2013;;52;Gut
03.12.2013;;52;Gut
04.12.2013;;52;Gut
05.12.2013;;52;Gut
06.12.2013;;54;Gut
07.12.2013;;56;Gut
08.12.2013;;57;Gut
09.12.2013;;58;Gut
10.12.2013;;64;Gut
11.12.2013;;60;Gut
12.12.2013;;60;Gut
13.12.2013;;60;Gut
14.12.2013;;59;Gut
15.12.2013;;56;Gut
16.12.2013;;57;Gut
17.12.2013;;57;Gut
18.12.2013;;57;Gut
19.12.2013;;57;Gut
20.12.2013;;56;Gut
21.12.2013;;56;Gut
22.12.2013;;56;Gut
23.12.2013;;57;Gut
24.12.2013;;56;Gut
25.12.2013;;54;Gut
26.12.2013;;54;Gut
27.12.2013;;54;Gut
28.12.2013;;54;Gut
29.12.2013;;55;Gut
30.12.2013;;57;Gut
31.12.2013;;58;Gut
01.01.2014;;56;Gut
02.01.2014;;55;Gut
03.01.2014;;54;Gut
04.01.2014;;54;Gut
05.01.2014;;53;Gut
06.01.2014;;52;Gut
07.01.2014;;55;Gut
08.01.2014;;55;Gut
09.01.2014;;58;Gut
10.01.2014;;58;Gut
11.01.2014;;56;Gut
12.01.2014;;56;Gut
13.01.2014;;56;Gut
14.01.2014;;56;Gut
15.01.2014;;56;Gut
16.01.2014;;56;Gut
17.01.2014;;55;Gut
18.01.2014;;55;Gut
19.01.2014;;54;Gut
20.01.2014;;54;Gut
21.01.2014;;54;Gut
22.01.2014;;54;Gut
23.01.2014;;54;Gut
24.01.2014;;52;Gut
25.01.2014;;50;Gut
26.01.2014;;48;Gut
27.01.2014;;48;Gut
28.01.2014;;48;Gut
29.01.2014;;48;Gut
30.01.2014;;48;Gut
31.01.2014;;48;Gut
01.02.2014;;48;Gut
02.02.2014;;46;Gut
03.02.2014;;46;Gut
04.02.2014;;48;Gut
05.02.2014;;48;Gut
06.02.2014;;48;Gut
07.02.2014;;48;Gut
08.02.2014;;48;Gut
09.02.2014;;48;Gut
10.02.2014;;48;Gut
11.02.2014;;48;Gut
12.02.2014;;48;Gut
13.02.2014;;48;Gut
14.02.2014;;48;Gut
15.02.2014;;48;Gut
16.02.2014;;48;Gut
17.02.2014;;46;Gut
18.02.2014;;46;Gut
19.02.2014;;46;Gut
20.02.2014;;46;Gut
21.02.2014;;46;Gut
22.02.2014;;46;Gut
23.02.2014;;46;Gut
24.02.2014;;46;Gut
25.02.2014;;46;Gut
26.02.2014;;46;Gut
27.02.2014;;46;Gut
28.02.2014;;46;Gut
01.03.2014;;46;Gut
02.03.2014;;44;Gut
03.03.2014;;44;Gut
04.03.2014;;44;Gut
05.03.2014;;44;Gut
06.03.2014;;44;Gut
07.03.2014;;44;Gut
08.03.2014;;44;Gut
09.03.2014;;42;Gut
10.03.2014;;41;Gut
11.03.2014;;40;Gut
12.03.2014;;40;Gut
13.03.2014;;40;Gut
14.03.2014;;40;Gut
15.03.2014;;40;Gut
16.03.2014;;42;Gut
17.03.2014;;42;Gut
18.03.2014;;45;Gut
19.03.2014;;45;Gut
20.03.2014;;45;Gut
21.03.2014;;44;Gut
22.03.2014;;38;Gut
23.03.2014;;47;Gut
24.03.2014;;47;Gut
25.03.2014;;47;Gut
26.03.2014;;47;Gut
27.03.2014;;47;Gut
28.03.2014;;47;Gut
29.03.2014;;47;Gut
30.03.2014;;50;Gut
31.03.2014;;48;Gut
01.04.2014;;48;Gut
02.04.2014;;48;Gut
03.04.2014;;47;Gut
04.04.2014;;45;Gut
05.04.2014;;45;Gut
06.04.2014;;42;Gut
07.04.2014;;42;Gut
08.04.2014;;43;Gut
09.04.2014;;45;Gut
10.04.2014;;45;Gut
11.04.2014;;45;Gut
12.04.2014;;45;Gut
13.04.2014;;45;Gut
14.04.2014;;44;Gut
15.04.2014;;44;Gut
16.04.2014;;44;Gut
17.04.2014;;44;Gut
18.04.2014;;44;Gut
19.04.2014;;44;Gut
20.04.2014;;44;Gut
21.04.2014;;44;Gut
22.04.2014;;44;Gut
23.04.2014;;44;Gut
24.04.2014;;44;Gut
25.04.2014;;44;Gut
26.04.2014;;44;Gut
27.04.2014;;44;Gut
28.04.2014;;42;Gut
29.04.2014;;42;Gut
30.04.2014;;42;Gut
01.05.2014;;40;Gut
02.05.2014;;42;Gut
03.05.2014;;44;Gut
04.05.2014;;44;Gut
05.05.2014;;44;Gut
06.05.2014;;44;Gut
07.05.2014;;42;Gut
08.05.2014;;42;Gut
09.05.2014;;42;Gut
10.05.2014;;45;Gut
11.05.2014;;46;Gut
12.05.2014;;46;Gut
13.05.2014;;42;Gut
14.05.2014;;42;Gut
15.05.2014;;42;Gut
16.05.2014;;40;Gut
17.05.2014;;40;Gut
18.05.2014;;40;Gut
19.05.2014;;40;Gut
20.05.2014;;40;Gut
21.05.2014;;40;Gut
22.05.2014;;38;Gut
23.05.2014;;36;Gut
24.05.2014;;30;Gut
25.05.2014;;28;Gut
26.05.2014;;28;Gut
27.05.2014;;22;Gut
28.05.2014;;22;Gut
29.05.2014;;46;Gut
30.05.2014;;56;Gut
31.05.2014;;52;Gut
01.06.2014;;52;Gut
02.06.2014;;52;Gut
03.06.2014;;50;Gut
04.06.2014;;48;Gut
05.06.2014;;48;Gut
06.06.2014;;45;Gut
07.06.2014;;45;Gut
08.06.2014;;42;Gut
09.06.2014;;32;Gut
10.06.2014;;28;Gut
11.06.2014;;28;Gut
12.06.2014;;26;Gut
13.06.2014;;26;Gut
14.06.2014;;26;Gut
15.06.2014;;26;Gut
16.06.2014;;24;Gut
17.06.2014;;24;Gut
18.06.2014;;24;Gut
19.06.2014;;24;Gut
20.06.2014;;24;Gut
21.06.2014;;24;Gut
22.06.2014;;24;Gut
23.06.2014;;24;Gut
24.06.2014;;24;Gut
25.06.2014;;24;Gut
26.06.2014;;24;Gut
27.06.2014;;24;Gut
28.06.2014;;24;Gut
29.06.2014;;24;Gut
30.06.2014;;24;Gut
01.07.2014;;24;Gut
02.07.2014;;24;Gut
03.07.2014;;24;Gut
04.07.2014;;24;Gut
05.07.2014;;24;Gut
06.07.2014;;24;Gut
07.07.2014;;24;Gut
08.07.2014;;24;Gut
09.07.2014;;28;Gut
10.07.2014;;36;Gut
11.07.2014;;36;Gut
12.07.2014;;42;Gut
13.07.2014;;42;Gut
14.07.2014;;42;Gut
15.07.2014;;46;Gut
16.07.2014;;56;Gut
17.07.2014;;55;Gut
18.07.2014;;53;Gut
19.07.2014;;50;Gut
20.07.2014;;48;Gut
21.07.2014;;48;Gut
22.07.2014;;38;Gut
23.07.2014;;34;Gut
24.07.2014;;32;Gut
25.07.2014;;40;Gut
26.07.2014;;46;Gut
27.07.2014;;48;Gut
28.07.2014;;54;Gut
29.07.2014;;58;Gut
30.07.2014;;56;Gut
31.07.2014;;55;Gut
01.08.2014;;52;Gut
02.08.2014;;52;Gut
03.08.2014;;52;Gut
04.08.2014;;52;Gut
05.08.2014;;54;Gut
06.08.2014;;54;Gut
07.08.2014;;56;Gut
08.08.2014;;56;Gut
09.08.2014;;56;Gut
10.08.2014;;56;Gut
11.08.2014;;56;Gut
12.08.2014;;56;Gut
13.08.2014;;46;Gut
14.08.2014;;52;Gut
15.08.2014;;34;Gut
16.08.2014;;34;Gut
17.08.2014;;34;Gut
18.08.2014;;34;Gut
19.08.2014;;32;Gut
20.08.2014;;32;Gut
21.08.2014;;32;Gut
22.08.2014;;32;Gut
23.08.2014;;32;Gut
24.08.2014;;32;Gut
25.08.2014;;30;Gut
26.08.2014;;30;Gut
27.08.2014;;28;Gut
28.08.2014;;26;Gut
29.08.2014;;26;Gut
30.08.2014;;26;Gut
31.08.2014;;26;Gut
01.09.2014;;30;Gut
02.09.2014;;32;Gut
03.09.2014;;32;Gut
04.09.2014;;32;Gut
05.09.2014;;32;Gut
06.09.2014;;30;Gut
07.09.2014;;30;Gut
08.09.2014;;30;Gut
09.09.2014;;30;Gut
10.09.2014;;28;Gut
11.09.2014;;34;Gut
12.09.2014;;32;Gut
13.09.2014;;34;Gut
14.09.2014;;38;Gut
15.09.2014;;38;Gut
16.09.2014;;36;Gut
17.09.2014;;36;Gut
18.09.2014;;34;Gut
19.09.2014;;36;Gut
20.09.2014;;36;Gut
21.09.2014;;40;Gut
22.09.2014;;40;Gut
23.09.2014;;40;Gut
24.09.2014;;38;Gut
25.09.2014;;38;Gut
26.09.2014;;38;Gut
27.09.2014;;38;Gut
28.09.2014;;36;Gut
29.09.2014;;36;Gut
30.09.2014;;36;Gut
01.10.2014;;38;Gut
02.10.2014;;40;Gut
03.10.2014;;40;Gut
04.10.2014;;40;Gut
05.10.2014;;38;Gut
06.10.2014;;38;Gut
07.10.2014;;40;Gut
08.10.2014;;40;Gut
09.10.2014;;40;Gut
10.10.2014;;42;Gut
11.10.2014;;42;Gut
12.10.2014;;42;Gut
13.10.2014;;42;Gut
14.10.2014;;42;Gut
15.10.2014;;44;Gut
16.10.2014;;44;Gut
17.10.2014;;48;Gut
18.10.2014;;48;Gut
19.10.2014;;48;Gut
20.10.2014;;48;Gut
21.10.2014;;48;Gut
22.10.2014;;48;Gut
23.10.2014;;48;Gut
24.10.2014;;48;Gut
25.10.2014;;48;Gut
26.10.2014;;48;Gut
27.10.2014;;48;Gut
28.10.2014;;46;Gut
29.10.2014;;46;Gut
30.10.2014;;46;Gut
31.10.2014;;46;Gut
01.11.2014;;46;Gut
02.11.2014;;46;Gut
03.11.2014;;46;Gut
04.11.2014;;46;Gut
05.11.2014;;46;Gut
06.11.2014;;48;Gut
07.11.2014;;48;Gut
08.11.2014;;48;Gut
09.11.2014;;48;Gut
10.11.2014;;48;Gut
11.11.2014;;50;Gut
12.11.2014;;50;Gut
13.11.2014;;50;Gut
14.11.2014;;50;Gut
15.11.2014;;50;Gut
16.11.2014;;50;Gut
17.11.2014;;50;Gut
18.11.2014;;50;Gut
19.11.2014;;50;Gut
20.11.2014;;50;Gut
21.11.2014;;52;Gut
22.11.2014;;52;Gut
23.11.2014;;52;Gut
24.11.2014;;52;Gut
25.11.2014;;52;Gut
26.11.2014;;52;Gut
27.11.2014;;50;Gut
28.11.2014;;48;Gut
29.11.2014;;48;Gut
30.11.2014;;48;Gut
01.12.2014;;46;Gut
02.12.2014;;38;Gut
03.12.2014;;51;Gut
04.12.2014;;52;Gut
05.12.2014;;51;Gut
06.12.2014;;48;Gut
07.12.2014;;48;Gut
08.12.2014;;48;Gut
09.12.2014;;48;Gut
10.12.2014;;48;Gut
11.12.2014;;48;Gut
12.12.2014;;48;Gut
13.12.2014;;48;Gut
14.12.2014;;48;Gut
15.12.2014;;48;Gut
16.12.2014;;48;Gut
17.12.2014;;50;Gut
18.12.2014;;52;Gut
19.12.2014;;52;Gut
20.12.2014;;58;Gut
21.12.2014;;58;Gut
22.12.2014;;58;Gut
23.12.2014;;60;Gut
24.12.2014;;60;Gut
25.12.2014;;60;Gut
26.12.2014;;60;Gut
27.12.2014;;58;Gut
28.12.2014;;58;Gut
29.12.2014;;58;Gut
30.12.2014;;56;Gut
31.12.2014;;56;Gut
01.01.2015;;60;Gut
02.01.2015;;60;Gut
03.01.2015;;60;Gut
04.01.2015;;60;Gut
05.01.2015;;58;Gut
06.01.2015;;58;Gut
07.01.2015;;60;Gut
08.01.2015;;60;Gut
09.01.2015;;62;Gut
10.01.2015;;70;Gut
11.01.2015;;72;Gut
12.01.2015;;74;Gut
13.01.2015;;76;Gut
14.01.2015;;64;Gut
15.01.2015;;64;Gut
16.01.2015;;64;Gut
17.01.2015;;64;Gut
18.01.2015;;62;Gut
19.01.2015;;60;Gut
20.01.2015;;60;Gut
21.01.2015;;60;Gut
22.01.2015;;56;Gut
23.01.2015;;56;Gut
24.01.2015;;54;Gut
25.01.2015;;52;Gut
26.01.2015;;52;Gut
27.01.2015;;46;Gut
28.01.2015;;46;Gut
29.01.2015;;46;Gut
30.01.2015;;48;Gut
31.01.2015;;48;Gut
01.02.2015;;48;Gut
02.02.2015;;46;Gut
03.02.2015;;46;Gut
04.02.2015;;24;Gut
05.02.2015;;32;Gut
06.02.2015;;40;Gut
07.02.2015;;40;Gut
08.02.2015;;35;Gut
09.02.2015;;34;Gut
10.02.2015;;34;Gut
11.02.2015;;34;Gut
12.02.2015;;30;Gut
13.02.2015;;34;Gut
14.02.2015;;32;Gut
15.02.2015;;30;Gut
16.02.2015;;30;Gut
17.02.2015;;30;Gut
18.02.2015;;29;Gut
19.02.2015;;26;Gut
20.02.2015;;24;Gut
21.02.2015;;24;Gut
22.02.2015;;24;Gut
23.02.2015;;24;Gut
24.02.2015;;24;Gut
25.02.2015;;24;Gut
26.02.2015;;24;Gut
27.02.2015;;22;Gut
28.02.2015;;20;Gut
01.03.2015;;20;Gut
02.03.2015;;20;Gut
03.03.2015;;20;Gut
04.03.2015;;30;Gut
05.03.2015;;18;Gut
06.03.2015;;30;Gut
07.03.2015;;22;Gut
08.03.2015;;20;Gut
09.03.2015;;20;Gut
10.03.2015;;18;Gut
11.03.2015;;20;Gut
12.03.2015;;20;Gut
13.03.2015;;30;Gut
14.03.2015;;30;Gut
15.03.2015;;30;Gut
16.03.2015;;30;Gut
17.03.2015;;28;Gut
18.03.2015;;26;Gut
19.03.2015;;26;Gut
20.03.2015;;26;Gut
21.03.2015;;26;Gut
22.03.2015;;26;Gut
23.03.2015;;26;Gut
24.03.2015;;26;Gut
25.03.2015;;24;Gut
26.03.2015;;24;Gut
27.03.2015;;24;Gut
28.03.2015;;24;Gut
29.03.2015;;24;Gut
30.03.2015;;26;Gut
31.03.2015;;26;Gut
01.04.2015;;34;Gut
02.04.2015;;34;Gut
03.04.2015;;34;Gut
04.04.2015;;34;Gut
05.04.2015;;32;Gut
06.04.2015;;30;Gut
07.04.2015;;30;Gut
08.04.2015;;30;Gut
09.04.2015;;30;Gut
10.04.2015;;30;Gut
11.04.2015;;26;Gut
12.04.2015;;24;Gut
13.04.2015;;24;Gut
14.04.2015;;24;Gut
15.04.2015;;22;Gut
16.04.2015;;22;Gut
17.04.2015;;20;Gut
18.04.2015;;19;Gut
19.04.2015;;18;Gut
20.04.2015;;18;Gut
21.04.2015;;18;Gut
22.04.2015;;18;Gut
23.04.2015;;18;Gut
24.04.2015;;18;Gut
25.04.2015;;18;Gut
26.04.2015;;18;Gut
27.04.2015;;18;Gut
28.04.2015;;20;Gut
29.04.2015;;20;Gut
30.04.2015;;20;Gut
01.05.2015;;22;Gut
02.05.2015;;24;Gut
03.05.2015;;30;Gut
04.05.2015;;26;Gut
05.05.2015;;26;Gut
06.05.2015;;26;Gut
07.05.2015;;26;Gut
08.05.2015;;24;Gut
09.05.2015;;24;Gut
10.05.2015;;24;Gut
11.05.2015;;24;Gut
12.05.2015;;22;Gut
13.05.2015;;22;Gut
14.05.2015;;22;Gut
15.05.2015;;22;Gut
16.05.2015;;22;Gut
17.05.2015;;22;Gut
18.05.2015;;22;Gut
19.05.2015;;22;Gut
20.05.2015;;22;Gut
21.05.2015;;22;Gut
22.05.2015;;22;Gut
23.05.2015;;22;Gut
24.05.2015;;22;Gut
25.05.2015;;22;Gut
26.05.2015;;22;Gut
27.05.2015;;22;Gut
28.05.2015;;22;Gut
29.05.2015;;20;Gut
30.05.2015;;20;Gut
31.05.2015;;20;Gut
01.06.2015;;20;Gut
02.06.2015;;20;Gut
03.06.2015;;20;Gut
04.06.2015;;20;Gut
05.06.2015;;26;Gut
06.06.2015;;26;Gut
07.06.2015;;24;Gut
08.06.2015;;22;Gut
09.06.2015;;22;Gut
10.06.2015;;22;Gut
11.06.2015;;22;Gut
12.06.2015;;22;Gut
13.06.2015;;22;Gut
14.06.2015;;22;Gut
15.06.2015;;22;Gut
16.06.2015;;22;Gut
17.06.2015;;22;Gut
18.06.2015;;22;Gut
19.06.2015;;22;Gut
20.06.2015;;22;Gut
21.06.2015;;22;Gut
22.06.2015;;22;Gut
23.06.2015;;24;Gut
24.06.2015;;26;Gut
25.06.2015;;26;Gut
26.06.2015;;26;Gut
27.06.2015;;26;Gut
28.06.2015;;26;Gut
29.06.2015;;26;Gut
30.06.2015;;24;Gut
01.07.2015;;22;Gut
02.07.2015;;22;Gut
03.07.2015;;22;Gut
04.07.2015;;22;Gut
05.07.2015;;22;Gut
06.07.2015;;22;Gut
07.07.2015;;22;Gut
08.07.2015;;24;Gut
09.07.2015;;24;Gut
10.07.2015;;24;Gut
11.07.2015;;24;Gut
12.07.2015;;24;Gut
13.07.2015;;24;Gut
14.07.2015;;24;Gut
15.07.2015;;24;Gut
16.07.2015;;24;Gut
17.07.2015;;24;Gut
18.07.2015;;22;Gut
19.07.2015;;22;Gut
20.07.2015;;22;Gut
21.07.2015;;22;Gut
22.07.2015;;22;Gut
23.07.2015;;24;Gut
24.07.2015;;24;Gut
25.07.2015;;28;Gut
26.07.2015;;24;Gut
27.07.2015;;26;Gut
28.07.2015;;24;Gut
29.07.2015;;22;Gut
30.07.2015;;22;Gut
31.07.2015;;22;Gut
01.08.2015;;20;Gut
02.08.2015;;20;Gut
03.08.2015;;20;Gut
04.08.2015;;20;Gut
05.08.2015;;20;Gut
06.08.2015;;20;Gut
07.08.2015;;20;Gut
08.08.2015;;20;Gut
09.08.2015;;20;Gut
10.08.2015;;20;Gut
11.08.2015;;20;Gut
12.08.2015;;20;Gut
13.08.2015;;20;Gut
14.08.2015;;20;Gut
15.08.2015;;20;Gut
16.08.2015;;20;Gut
17.08.2015;;22;Gut
18.08.2015;;22;Gut
19.08.2015;;22;Gut
20.08.2015;;22;Gut
21.08.2015;;22;Gut
22.08.2015;;22;Gut
23.08.2015;;22;Gut
24.08.2015;;22;Gut
25.08.2015;;22;Gut
26.08.2015;;22;Gut
27.08.2015;;22;Gut
28.08.2015;;22;Gut
29.08.2015;;22;Gut
30.08.2015;;22;Gut
31.08.2015;;22;Gut
01.09.2015;;22;Gut
02.09.2015;;24;Gut
03.09.2015;;24;Gut
04.09.2015;;24;Gut
05.09.2015;;24;Gut
06.09.2015;;24;Gut
07.09.2015;;24;Gut
08.09.2015;;24;Gut
09.09.2015;;24;Gut
10.09.2015;;24;Gut
11.09.2015;;24;Gut
12.09.2015;;24;Gut
13.09.2015;;24;Gut
14.09.2015;;25;Gut
15.09.2015;;26;Gut
16.09.2015;;25;Gut
17.09.2015;;24;Gut
18.09.2015;;24;Gut
19.09.2015;;24;Gut
20.09.2015;;24;Gut
21.09.2015;;24;Gut
22.09.2015;;24;Gut
23.09.2015;;24;Gut
24.09.2015;;24;Gut
25.09.2015;;24;Gut
26.09.2015;;24;Gut
27.09.2015;;24;Gut
28.09.2015;;24;Gut
29.09.2015;;24;Gut
30.09.2015;;24;Gut
01.10.2015;;24;Gut
02.10.2015;;24;Gut
03.10.2015;;22;Gut
04.10.2015;;22;Gut
05.10.2015;;22;Gut
06.10.2015;;22;Gut
07.10.2015;;22;Gut
08.10.2015;;22;Gut
09.10.2015;;24;Gut
10.10.2015;;24;Gut
11.10.2015;;24;Gut
12.10.2015;;24;Gut
13.10.2015;;24;Gut
14.10.2015;;24;Gut
15.10.2015;;24;Gut
16.10.2015;;24;Gut
17.10.2015;;34;Gut
18.10.2015;;34;Gut
19.10.2015;;34;Gut
20.10.2015;;34;Gut
21.10.2015;;34;Gut
22.10.2015;;34;Gut
23.10.2015;;34;Gut
24.10.2015;;34;Gut
25.10.2015;;34;Gut
26.10.2015;;34;Gut
27.10.2015;;34;Gut
28.10.2015;;34;Gut
29.10.2015;;34;Gut
30.10.2015;;34;Gut
31.10.2015;;34;Gut
01.11.2015;;34;Gut
02.11.2015;;34;Gut
03.11.2015;;35;Gut
04.11.2015;;35;Gut
05.11.2015;;35;Gut
06.11.2015;;35;Gut
07.11.2015;;35;Gut
08.11.2015;;35;Gut
09.11.2015;;35;Gut
10.11.2015;;35;Gut
11.11.2015;;35;Gut
12.11.2015;;35;Gut
13.11.2015;;35;Gut
14.11.2015;;35;Gut
15.11.2015;;35;Gut
16.11.2015;;48;Gut
17.11.2015;;48;Gut
18.11.2015;;50;Gut
19.11.2015;;50;Gut
20.11.2015;;46;Gut
21.11.2015;;45;Gut
22.11.2015;;45;Gut
23.11.2015;;40;Gut
24.11.2015;;40;Gut
25.11.2015;;40;Gut
26.11.2015;;40;Gut
27.11.2015;;40;Gut
28.11.2015;;40;Gut
29.11.2015;;42;Gut
30.11.2015;;45;Gut
01.12.2015;;54;Gut
02.12.2015;;54;Gut
03.12.2015;;56;Gut
04.12.2015;;52;Gut
05.12.2015;;52;Gut
06.12.2015;;50;Gut
07.12.2015;;48;Gut
08.12.2015;;48;Gut
09.12.2015;;46;Gut
10.12.2015;;46;Gut
11.12.2015;;46;Gut
12.12.2015;;48;Gut
13.12.2015;;48;Gut
14.12.2015;;48;Gut
15.12.2015;;48;Gut
16.12.2015;;48;Gut
17.12.2015;;48;Gut
18.12.2015;;48;Gut
19.12.2015;;48;Gut
20.12.2015;;48;Gut
21.12.2015;;48;Gut
22.12.2015;;48;Gut
23.12.2015;;48;Gut
24.12.2015;;46;Gut
25.12.2015;;46;Gut
26.12.2015;;44;Gut
27.12.2015;;44;Gut
28.12.2015;;44;Gut
29.12.2015;;44;Gut
30.12.2015;;42;Gut
31.12.2015;;42;Gut
01.01.2016;;42;Gut
02.01.2016;;42;Gut
03.01.2016;;46;Gut
04.01.2016;;44;Gut
05.01.2016;;42;Gut
06.01.2016;;42;Gut
07.01.2016;;42;Gut
08.01.2016;;42;Gut
09.01.2016;;42;Gut
10.01.2016;;40;Gut
11.01.2016;;40;Gut
12.01.2016;;42;Gut
13.01.2016;;46;Gut
14.01.2016;;48;Gut
15.01.2016;;48;Gut
16.01.2016;;48;Gut
17.01.2016;;48;Gut
18.01.2016;;46;Gut
19.01.2016;;46;Gut
20.01.2016;;46;Gut
21.01.2016;;44;Gut
22.01.2016;;44;Gut
23.01.2016;;42;Gut
24.01.2016;;40;Gut
25.01.2016;;44;Gut
26.01.2016;;48;Gut
27.01.2016;;48;Gut
28.01.2016;;48;Gut
29.01.2016;;50;Gut
30.01.2016;;50;Gut
31.01.2016;;50;Gut
01.02.2016;;50;Gut
02.02.2016;;52;Gut
03.02.2016;;54;Gut
04.02.2016;;54;Gut
05.02.2016;;56;Gut
06.02.2016;;56;Gut
07.02.2016;;56;Gut
08.02.2016;;54;Gut
09.02.2016;;54;Gut
10.02.2016;;54;Gut
11.02.2016;;52;Gut
12.02.2016;;52;Gut
13.02.2016;;52;Gut
14.02.2016;;52;Gut
15.02.2016;;52;Gut
16.02.2016;;52;Gut
17.02.2016;;50;Gut
18.02.2016;;50;Gut
19.02.2016;;50;Gut
20.02.2016;;52;Gut
21.02.2016;;52;Gut
22.02.2016;;60;Gut
23.02.2016;;66;Gut
24.02.2016;;64;Gut
25.02.2016;;63;Gut
26.02.2016;;62;Gut
27.02.2016;;62;Gut
28.02.2016;;62;Gut
29.02.2016;;56;Gut
01.03.2016;;56;Gut
02.03.2016;;56;Gut
03.03.2016;;56;Gut
04.03.2016;;54;Gut
05.03.2016;;55;Gut
06.03.2016;;58;Gut
07.03.2016;;56;Gut
08.03.2016;;58;Gut
09.03.2016;;56;Gut
10.03.2016;;54;Gut
11.03.2016;;54;Gut
12.03.2016;;54;Gut
13.03.2016;;54;Gut
14.03.2016;;52;Gut
15.03.2016;;52;Gut
16.03.2016;;52;Gut
17.03.2016;;52;Gut
18.03.2016;;52;Gut
19.03.2016;;52;Gut
20.03.2016;;50;Gut
21.03.2016;;50;Gut
22.03.2016;;50;Gut
23.03.2016;;50;Gut
24.03.2016;;50;Gut
25.03.2016;;50;Gut
26.03.2016;;52;Gut
27.03.2016;;52;Gut
28.03.2016;;52;Gut
29.03.2016;;53;Gut
30.03.2016;;56;Gut
31.03.2016;;54;Gut
01.04.2016;;54;Gut
02.04.2016;;52;Gut
03.04.2016;;52;Gut
04.04.2016;;52;Gut
05.04.2016;;52;Gut
06.04.2016;;48;Gut
07.04.2016;;48;Gut
08.04.2016;;42;Gut
09.04.2016;;42;Gut
10.04.2016;;42;Gut
11.04.2016;;42;Gut
12.04.2016;;40;Gut
13.04.2016;;40;Gut
14.04.2016;;44;Gut
15.04.2016;;46;Gut
16.04.2016;;49;Gut
17.04.2016;;46;Gut
18.04.2016;;46;Gut
19.04.2016;;46;Gut
20.04.2016;;44;Gut
21.04.2016;;48;Gut
22.04.2016;;28;Gut
23.04.2016;;28;Gut
24.04.2016;;28;Gut
25.04.2016;;38;Gut
26.04.2016;;38;Gut
27.04.2016;;38;Gut
28.04.2016;;48;Gut
29.04.2016;;48;Gut
30.04.2016;;48;Gut
01.05.2016;;44;Gut
02.05.2016;;42;Gut
03.05.2016;;40;Gut
04.05.2016;;38;Gut
05.05.2016;;28;Gut
06.05.2016;;28;Gut
07.05.2016;;28;Gut
08.05.2016;;28;Gut
09.05.2016;;28;Gut
10.05.2016;;28;Gut
11.05.2016;;28;Gut
12.05.2016;;28;Gut
13.05.2016;;28;Gut
14.05.2016;;28;Gut
15.05.2016;;28;Gut
16.05.2016;;28;Gut
17.05.2016;;28;Gut
18.05.2016;;28;Gut
19.05.2016;;28;Gut
20.05.2016;;28;Gut
21.05.2016;;28;Gut
22.05.2016;;28;Gut
23.05.2016;;28;Gut
24.05.2016;;28;Gut
25.05.2016;;28;Gut
26.05.2016;;28;Gut
27.05.2016;;28;Gut
28.05.2016;;28;Gut
29.05.2016;;28;Gut
30.05.2016;;28;Gut
31.05.2016;;28;Gut
01.06.2016;;28;Gut
02.06.2016;;28;Gut
03.06.2016;;28;Gut
04.06.2016;;28;Gut
05.06.2016;;28;Gut
06.06.2016;;28;Gut
07.06.2016;;28;Gut
08.06.2016;;25;Gut
09.06.2016;;25;Gut
10.06.2016;;25;Gut
11.06.2016;;25;Gut
12.06.2016;;25;Gut
13.06.2016;;25;Gut
14.06.2016;;25;Gut
15.06.2016;;28;Gut
16.06.2016;;28;Gut
17.06.2016;;28;Gut
18.06.2016;;28;Gut
19.06.2016;;28;Gut
20.06.2016;;28;Gut
21.06.2016;;25;Gut
22.06.2016;;25;Gut
23.06.2016;;25;Gut
24.06.2016;;25;Gut
25.06.2016;;25;Gut
26.06.2016;;25;Gut
27.06.2016;;23;Gut
28.06.2016;;23;Gut
29.06.2016;;23;Gut
30.06.2016;;23;Gut
01.07.2016;;23;Gut
02.07.2016;;23;Gut
03.07.2016;;23;Gut
04.07.2016;;23;Gut
05.07.2016;;23;Gut
06.07.2016;;23;Gut
07.07.2016;;23;Gut
08.07.2016;;23;Gut
09.07.2016;;23;Gut
10.07.2016;;23;Gut
11.07.2016;;23;Gut
12.07.2016;;23;Gut
13.07.2016;;23;Gut
14.07.2016;;23;Gut
15.07.2016;;23;Gut
16.07.2016;;23;Gut
17.07.2016;;23;Gut
18.07.2016;;23;Gut
19.07.2016;;23;Gut
20.07.2016;;21;Gut
21.07.2016;;21;Gut
22.07.2016;;21;Gut
23.07.2016;;21;Gut
24.07.2016;;21;Gut
25.07.2016;;21;Gut
26.07.2016;;21;Gut
27.07.2016;;21;Gut
28.07.2016;;21;Gut
29.07.2016;;21;Gut
30.07.2016;;21;Gut
31.07.2016;;21;Gut
01.08.2016;;25;Gut
02.08.2016;;25;Gut
03.08.2016;;25;Gut
04.08.2016;;25;Gut
05.08.2016;;30;Gut
06.08.2016;;30;Gut
07.08.2016;;30;Gut
08.08.2016;;30;Gut
09.08.2016;;28;Gut
10.08.2016;;28;Gut
11.08.2016;;28;Gut
12.08.2016;;28;Gut
13.08.2016;;28;Gut
14.08.2016;;28;Gut
15.08.2016;;28;Gut
16.08.2016;;28;Gut
17.08.2016;;28;Gut
18.08.2016;;28;Gut
19.08.2016;;28;Gut
20.08.2016;;28;Gut
21.08.2016;;28;Gut
22.08.2016;;28;Gut
23.08.2016;;27;Gut
24.08.2016;;27;Gut
25.08.2016;;27;Gut
26.08.2016;;27;Gut
27.08.2016;;25;Gut
28.08.2016;;25;Gut
29.08.2016;;25;Gut
30.08.2016;;25;Gut
31.08.2016;;25;Gut
01.09.2016;;25;Gut
02.09.2016;;25;Gut
03.09.2016;;25;Gut
04.09.2016;;25;Gut
05.09.2016;;25;Gut
06.09.2016;;25;Gut
07.09.2016;;25;Gut
08.09.2016;;25;Gut
09.09.2016;;22;Gut
10.09.2016;;22;Gut
11.09.2016;;20;Gut
12.09.2016;;20;Gut
13.09.2016;;20;Gut
14.09.2016;;20;Gut
15.09.2016;;20;Gut
16.09.2016;;20;Gut
17.09.2016;;23;Gut
18.09.2016;;25;Gut
19.09.2016;;25;Gut
20.09.2016;;25;Gut
21.09.2016;;25;Gut
22.09.2016;;25;Gut
23.09.2016;;20;Gut
24.09.2016;;20;Gut
25.09.2016;;20;Gut
26.09.2016;;20;Gut
27.09.2016;;20;Gut
28.09.2016;;20;Gut
29.09.2016;;20;Gut
30.09.2016;;20;Gut
01.10.2016;;20;Gut
02.10.2016;;20;Gut
03.10.2016;;21;Gut
04.10.2016;;22;Gut
05.10.2016;;22;Gut
06.10.2016;;22;Gut
07.10.2016;;22;Gut
08.10.2016;;23;Gut
09.10.2016;;25;Gut
10.10.2016;;25;Gut
11.10.2016;;25;Gut
12.10.2016;;25;Gut
13.10.2016;;25;Gut
14.10.2016;;25;Gut
15.10.2016;;25;Gut
16.10.2016;;25;Gut
17.10.2016;;25;Gut
18.10.2016;;25;Gut
19.10.2016;;30;Gut
20.10.2016;;30;Gut
21.10.2016;;30;Gut
22.10.2016;;30;Gut
23.10.2016;;30;Gut
24.10.2016;;30;Gut
25.10.2016;;30;Gut
26.10.2016;;30;Gut
27.10.2016;;30;Gut
28.10.2016;;30;Gut
29.10.2016;;30;Gut
30.10.2016;;30;Gut
31.10.2016;;30;Gut
01.11.2016;;30;Gut
02.11.2016;;30;Gut
03.11.2016;;30;Gut
04.11.2016;;30;Gut
05.11.2016;;30;Gut
06.11.2016;;30;Gut
07.11.2016;;30;Gut
08.11.2016;;30;Gut
09.11.2016;;35;Gut
10.11.2016;;35;Gut
11.11.2016;;35;Gut
12.11.2016;;32;Gut
13.11.2016;;32;Gut
14.11.2016;;28;Gut
15.11.2016;;28;Gut
16.11.2016;;33;Gut
17.11.2016;;33;Gut
18.11.2016;;33;Gut
19.11.2016;;30;Gut
20.11.2016;;30;Gut
21.11.2016;;30;Gut
22.11.2016;;28;Gut
23.11.2016;;28;Gut
24.11.2016;;28;Gut
25.11.2016;;28;Gut
26.11.2016;;28;Gut
27.11.2016;;28;Gut
28.11.2016;;28;Gut
29.11.2016;;28;Gut
30.11.2016;;28;Gut
01.12.2016;;42;Gut
02.12.2016;;45;Gut
03.12.2016;;42;Gut
04.12.2016;;42;Gut
05.12.2016;;42;Gut
06.12.2016;;40;Gut
07.12.2016;;40;Gut
08.12.2016;;40;Gut
09.12.2016;;40;Gut
10.12.2016;;40;Gut
11.12.2016;;46;Gut
12.12.2016;;55;Gut
13.12.2016;;55;Gut
14.12.2016;;55;Gut
15.12.2016;;42;Gut
16.12.2016;;40;Gut
17.12.2016;;30;Gut
18.12.2016;;30;Gut
19.12.2016;;30;Gut
20.12.2016;;30;Gut
21.12.2016;;32;Gut
22.12.2016;;32;Gut
23.12.2016;;32;Gut
24.12.2016;;32;Gut
25.12.2016;;32;Gut
26.12.2016;;32;Gut
27.12.2016;;32;Gut
28.12.2016;;32;Gut
29.12.2016;;32;Gut
30.12.2016;;33;Gut
31.12.2016;;33;Gut
01.01.2017;;32;Gut
02.01.2017;;32;Gut
03.01.2017;;32;Gut
04.01.2017;;45;Gut
05.01.2017;;42;Gut
06.01.2017;;40;Gut
07.01.2017;;40;Gut
08.01.2017;;35;Gut
09.01.2017;;35;Gut
10.01.2017;;40;Gut
11.01.2017;;40;Gut
12.01.2017;;38;Gut
13.01.2017;;38;Gut
14.01.2017;;44;Gut
15.01.2017;;43;Gut
16.01.2017;;42;Gut
17.01.2017;;40;Gut
18.01.2017;;40;Gut
19.01.2017;;38;Gut
20.01.2017;;38;Gut
21.01.2017;;38;Gut
22.01.2017;;38;Gut
23.01.2017;;38;Gut
24.01.2017;;30;Gut
25.01.2017;;28;Gut
26.01.2017;;28;Gut
27.01.2017;;28;Gut
28.01.2017;;28;Gut
29.01.2017;;25;Gut
30.01.2017;;25;Gut
31.01.2017;;25;Gut
01.02.2017;;25;Gut
02.02.2017;;25;Gut
03.02.2017;;25;Gut
04.02.2017;;35;Gut
05.02.2017;;35;Gut
06.02.2017;;35;Gut
07.02.2017;;35;Gut
08.02.2017;;33;Gut
09.02.2017;;31;Gut
10.02.2017;;25;Gut
11.02.2017;;25;Gut
12.02.2017;;25;Gut
13.02.2017;;25;Gut
14.02.2017;;25;Gut
15.02.2017;;23;Gut
16.02.2017;;23;Gut
17.02.2017;;23;Gut
18.02.2017;;23;Gut
19.02.2017;;30;Gut
20.02.2017;;34;Gut
21.02.2017;;38;Gut
22.02.2017;;38;Gut
23.02.2017;;46;Gut
24.02.2017;;58;Gut
25.02.2017;;58;Gut
26.02.2017;;50;Gut
27.02.2017;;50;Gut
28.02.2017;;50;Gut
01.03.2017;;48;Gut
02.03.2017;;48;Gut
03.03.2017;;48;Gut
04.03.2017;;46;Gut
05.03.2017;;46;Gut
06.03.2017;;40;Gut
07.03.2017;;46;Gut
08.03.2017;;50;Gut
09.03.2017;;50;Gut
10.03.2017;;50;Gut
11.03.2017;;50;Gut
12.03.2017;;46;Gut
13.03.2017;;46;Gut
14.03.2017;;45;Gut
15.03.2017;;44;Gut
16.03.2017;;44;Gut
17.03.2017;;42;Gut
18.03.2017;;45;Gut
19.03.2017;;45;Gut
20.03.2017;;50;Gut
21.03.2017;;50;Gut
22.03.2017;;50;Gut
23.03.2017;;50;Gut
24.03.2017;;50;Gut
25.03.2017;;50;Gut
26.03.2017;;50;Gut
27.03.2017;;50;Gut
28.03.2017;;48;Gut
29.03.2017;;48;Gut
30.03.2017;;48;Gut
31.03.2017;;48;Gut
01.04.2017;;48;Gut
02.04.2017;;46;Gut
03.04.2017;;42;Gut
04.04.2017;;42;Gut
05.04.2017;;42;Gut
06.04.2017;;40;Gut
07.04.2017;;40;Gut
08.04.2017;;40;Gut
09.04.2017;;40;Gut
10.04.2017;;40;Gut
11.04.2017;;30;Gut
12.04.2017;;30;Gut
13.04.2017;;30;Gut
14.04.2017;;35;Gut
15.04.2017;;40;Gut
16.04.2017;;40;Gut
17.04.2017;;40;Gut
18.04.2017;;40;Gut
19.04.2017;;40;Gut
20.04.2017;;40;Gut
21.04.2017;;40;Gut
22.04.2017;;40;Gut
23.04.2017;;38;Gut
24.04.2017;;38;Gut
25.04.2017;;36;Gut
26.04.2017;;36;Gut
27.04.2017;;35;Gut
28.04.2017;;35;Gut
29.04.2017;;35;Gut
30.04.2017;;35;Gut
01.05.2017;;35;Gut
02.05.2017;;35;Gut
03.05.2017;;35;Gut
04.05.2017;;36;Gut
05.05.2017;;36;Gut
06.05.2017;;38;Gut
07.05.2017;;38;Gut
08.05.2017;;38;Gut
09.05.2017;;38;Gut
10.05.2017;;37;Gut
11.05.2017;;36;Gut
12.05.2017;;36;Gut
13.05.2017;;36;Gut
14.05.2017;;38;Gut
15.05.2017;;38;Gut
16.05.2017;;38;Gut
17.05.2017;;38;Gut
18.05.2017;;38;Gut
19.05.2017;;36;Gut
20.05.2017;;36;Gut
21.05.2017;;36;Gut
22.05.2017;;36;Gut
23.05.2017;;36;Gut
24.05.2017;;36;Gut
25.05.2017;;35;Gut
26.05.2017;;34;Gut
27.05.2017;;34;Gut
28.05.2017;;34;Gut
29.05.2017;;32;Gut
30.05.2017;;30;Gut
31.05.2017;;30;Gut
01.06.2017;;30;Gut
02.06.2017;;28;Gut
03.06.2017;;28;Gut
04.06.2017;;28;Gut
05.06.2017;;28;Gut
06.06.2017;;28;Gut
07.06.2017;;28;Gut
08.06.2017;;28;Gut
09.06.2017;;28;Gut
10.06.2017;;28;Gut
11.06.2017;;28;Gut
12.06.2017;;23;Gut
13.06.2017;;21;Gut
14.06.2017;;20;Gut
15.06.2017;;19;Gut
16.06.2017;;19;Gut
17.06.2017;;19;Gut
18.06.2017;;19;Gut
19.06.2017;;19;Gut
20.06.2017;;19;Gut
21.06.2017;;21;Gut
22.06.2017;;21;Gut
23.06.2017;;21;Gut
24.06.2017;;20;Gut
25.06.2017;;20;Gut
26.06.2017;;20;Gut
27.06.2017;;20;Gut
28.06.2017;;20;Gut
29.06.2017;;20;Gut
30.06.2017;;62;Gut
01.07.2017;;62;Gut
02.07.2017;;58;Gut
03.07.2017;;55;Gut
04.07.2017;;50;Gut
05.07.2017;;46;Gut
06.07.2017;;40;Gut
07.07.2017;;40;Gut
08.07.2017;;46;Gut
09.07.2017;;46;Gut
10.07.2017;;46;Gut
11.07.2017;;50;Gut
12.07.2017;;52;Gut
13.07.2017;;55;Gut
14.07.2017;;55;Gut
15.07.2017;;50;Gut
16.07.2017;;50;Gut
17.07.2017;;52;Gut
18.07.2017;;48;Gut
19.07.2017;;48;Gut
20.07.2017;;50;Gut
21.07.2017;;50;Gut
22.07.2017;;50;Gut
23.07.2017;;60;Gut
24.07.2017;;60;Gut
25.07.2017;;88;Gut
26.07.2017;;80;Gut
27.07.2017;;90;Gut
28.07.2017;;90;Gut
29.07.2017;;78;Gut
30.07.2017;;70;Gut
31.07.2017;;65;Gut
01.08.2017;;65;Gut
02.08.2017;;60;Gut
03.08.2017;;52;Gut
04.08.2017;;46;Gut
05.08.2017;;42;Gut
06.08.2017;;42;Gut
07.08.2017;;40;Gut
08.08.2017;;38;Gut
09.08.2017;;35;Gut
10.08.2017;;42;Gut
11.08.2017;;42;Gut
12.08.2017;;50;Gut
13.08.2017;;50;Gut
14.08.2017;;50;Gut
15.08.2017;;48;Gut
16.08.2017;;48;Gut
17.08.2017;;48;Gut
18.08.2017;;48;Gut
19.08.2017;;48;Gut
20.08.2017;;48;Gut
21.08.2017;;46;Gut
22.08.2017;;46;Gut
23.08.2017;;46;Gut
24.08.2017;;46;Gut
25.08.2017;;45;Gut
26.08.2017;;43;Gut
27.08.2017;;40;Gut
28.08.2017;;36;Gut
29.08.2017;;30;Gut
30.08.2017;;30;Gut
31.08.2017;;30;Gut
01.09.2017;;30;Gut
02.09.2017;;30;Gut
03.09.2017;;30;Gut
04.09.2017;;30;Gut
05.09.2017;;30;Gut
06.09.2017;;30;Gut
07.09.2017;;35;Gut
08.09.2017;;35;Gut
09.09.2017;;35;Gut
10.09.2017;;32;Gut
11.09.2017;;30;Gut
12.09.2017;;30;Gut
13.09.2017;;30;Gut
14.09.2017;;28;Gut
15.09.2017;;28;Gut
16.09.2017;;28;Gut
17.09.2017;;28;Gut
18.09.2017;;28;Gut
19.09.2017;;28;Gut
20.09.2017;;28;Gut
21.09.2017;;28;Gut
22.09.2017;;28;Gut
23.09.2017;;28;Gut
24.09.2017;;30;Gut
25.09.2017;;30;Gut
26.09.2017;;30;Gut
27.09.2017;;30;Gut
28.09.2017;;30;Gut
29.09.2017;;30;Gut
30.09.2017;;30;Gut
01.10.2017;;30;Gut
02.10.2017;;30;Gut
03.10.2017;;30;Gut
04.10.2017;;30;Gut
05.10.2017;;36;Gut
06.10.2017;;38;Gut
07.10.2017;;40;Gut
08.10.2017;;44;Gut
09.10.2017;;44;Gut
10.10.2017;;44;Gut
11.10.2017;;45;Gut
12.10.2017;;45;Gut
13.10.2017;;40;Gut
14.10.2017;;40;Gut
15.10.2017;;37;Gut
16.10.2017;;35;Gut
17.10.2017;;35;Gut
18.10.2017;;35;Gut
19.10.2017;;35;Gut
20.10.2017;;37;Gut
21.10.2017;;37;Gut
22.10.2017;;39;Gut
23.10.2017;;39;Gut
24.10.2017;;39;Gut
25.10.2017;;40;Gut
26.10.2017;;38;Gut
27.10.2017;;36;Gut
28.10.2017;;36;Gut
29.10.2017;;38;Gut
30.10.2017;;44;Gut
31.10.2017;;40;Gut
01.11.2017;;40;Gut
02.11.2017;;45;Gut
03.11.2017;;46;Gut
04.11.2017;;46;Gut
05.11.2017;;42;Gut
06.11.2017;;50;Gut
07.11.2017;;50;Gut
08.11.2017;;50;Gut
09.11.2017;;50;Gut
10.11.2017;;50;Gut
11.11.2017;;50;Gut
12.11.2017;;50;Gut
13.11.2017;;50;Gut
14.11.2017;;50;Gut
15.11.2017;;47;Gut
16.11.2017;;47;Gut
17.11.2017;;46;Gut
18.11.2017;;46;Gut
19.11.2017;;48;Gut
20.11.2017;;48;Gut
21.11.2017;;50;Gut
22.11.2017;;54;Gut
23.11.2017;;52;Gut
24.11.2017;;50;Gut
25.11.2017;;50;Gut
26.11.2017;;60;Gut
27.11.2017;;60;Gut
28.11.2017;;60;Gut
29.11.2017;;60;Gut
30.11.2017;;60;Gut
01.12.2017;;57;Gut
02.12.2017;;57;Gut
03.12.2017;;57;Gut
04.12.2017;;55;Gut
05.12.2017;;55;Gut
06.12.2017;;55;Gut
07.12.2017;;52;Gut
08.12.2017;;52;Gut
09.12.2017;;55;Gut
10.12.2017;;55;Gut
11.12.2017;;58;Gut
12.12.2017;;60;Gut
13.12.2017;;60;Gut
14.12.2017;;60;Gut
15.12.2017;;60;Gut
16.12.2017;;60;Gut
17.12.2017;;60;Gut
18.12.2017;;60;Gut
19.12.2017;;55;Gut
20.12.2017;;55;Gut
21.12.2017;;55;Gut
22.12.2017;;55;Gut
23.12.2017;;54;Gut
24.12.2017;;54;Gut
25.12.2017;;50;Gut
26.12.2017;;50;Gut
27.12.2017;;49;Gut
28.12.2017;;46;Gut
29.12.2017;;49;Gut
30.12.2017;;43;Gut
31.12.2017;;42;Gut
01.01.2018;;42;Gut
02.01.2018;;44;Gut
03.01.2018;;44;Gut
04.01.2018;;45;Gut
05.01.2018;;60;Gut
06.01.2018;;53;Gut
07.01.2018;;50;Gut
08.01.2018;;49;Gut
09.01.2018;;44;Gut
10.01.2018;;44;Gut
11.01.2018;;46;Gut
12.01.2018;;49;Gut
13.01.2018;;45;Gut
14.01.2018;;44;Gut
15.01.2018;;43;Gut
16.01.2018;;46;Gut
17.01.2018;;46;Gut
18.01.2018;;48;Gut
19.01.2018;;48;Gut
20.01.2018;;48;Gut
21.01.2018;;48;Gut
22.01.2018;;46;Gut
23.01.2018;;46;Gut
24.01.2018;;44;Gut
25.01.2018;;44;Gut
26.01.2018;;49;Gut
27.01.2018;;49;Gut
28.01.2018;;49;Gut
29.01.2018;;47;Gut
30.01.2018;;47;Gut
31.01.2018;;45;Gut
01.02.2018;;45;Gut
02.02.2018;;45;Gut
03.02.2018;;45;Gut
04.02.2018;;45;Gut
05.02.2018;;45;Gut
06.02.2018;;40;Gut
07.02.2018;;38;Gut
08.02.2018;;36;Gut
09.02.2018;;35;Gut
10.02.2018;;32;Gut
11.02.2018;;30;Gut
12.02.2018;;28;Gut
13.02.2018;;28;Gut
14.02.2018;;28;Gut
15.02.2018;;25;Gut
16.02.2018;;25;Gut
17.02.2018;;22;Gut
18.02.2018;;22;Gut
19.02.2018;;22;Gut
20.02.2018;;22;Gut
21.02.2018;;20;Gut
22.02.2018;;20;Gut
23.02.2018;;20;Gut
24.02.2018;;20;Gut
25.02.2018;;20;Gut
26.02.2018;;20;Gut
27.02.2018;;20;Gut
28.02.2018;;20;Gut
01.03.2018;;20;Gut
02.03.2018;;20;Gut
03.03.2018;;20;Gut
04.03.2018;;20;Gut
05.03.2018;;20;Gut
06.03.2018;;20;Gut
07.03.2018;;20;Gut
08.03.2018;;20;Gut
09.03.2018;;20;Gut
10.03.2018;;20;Gut
11.03.2018;;20;Gut
12.03.2018;;20;Gut
13.03.2018;;39;Gut
14.03.2018;;46;Gut
15.03.2018;;42;Gut
16.03.2018;;40;Gut
17.03.2018;;35;Gut
18.03.2018;;25;Gut
19.03.2018;;30;Gut
20.03.2018;;30;Gut
21.03.2018;;28;Gut
22.03.2018;;28;Gut
23.03.2018;;30;Gut
24.03.2018;;35;Gut
25.03.2018;;35;Gut
26.03.2018;;35;Gut
27.03.2018;;35;Gut
28.03.2018;;35;Gut
29.03.2018;;39;Gut
30.03.2018;;39;Gut
31.03.2018;;38;Gut
01.04.2018;;36;Gut
02.04.2018;;36;Gut
03.04.2018;;35;Gut
04.04.2018;;35;Gut
05.04.2018;;34;Gut
06.04.2018;;34;Gut
07.04.2018;;31;Gut
08.04.2018;;31;Gut
09.04.2018;;30;Gut
10.04.2018;;30;Gut
11.04.2018;;30;Gut
12.04.2018;;30;Gut
13.04.2018;;30;Gut
14.04.2018;;40;Gut
15.04.2018;;42;Gut
16.04.2018;;42;Gut
17.04.2018;;40;Gut
18.04.2018;;39;Gut
19.04.2018;;37;Gut
20.04.2018;;36;Gut
21.04.2018;;36;Gut
22.04.2018;;36;Gut
23.04.2018;;36;Gut
24.04.2018;;34;Gut
25.04.2018;;34;Gut
26.04.2018;;34;Gut
27.04.2018;;34;Gut
28.04.2018;;30;Gut
29.04.2018;;28;Gut
30.04.2018;;25;Gut
01.05.2018;;20;Gut
02.05.2018;;20;Gut
03.05.2018;;20;Gut
04.05.2018;;20;Gut
05.05.2018;;20;Gut
06.05.2018;;20;Gut
07.05.2018;;20;Gut
08.05.2018;;20;Gut
09.05.2018;;20;Gut
10.05.2018;;20;Gut
11.05.2018;;20;Gut
12.05.2018;;20;Gut
13.05.2018;;20;Gut
14.05.2018;;20;Gut
15.05.2018;;20;Gut
16.05.2018;;20;Gut
17.05.2018;;20;Gut
18.05.2018;;20;Gut
19.05.2018;;20;Gut
20.05.2018;;20;Gut
21.05.2018;;20;Gut
22.05.2018;;20;Gut
23.05.2018;;20;Gut
24.05.2018;;20;Gut
25.05.2018;;20;Gut
26.05.2018;;20;Gut
27.05.2018;;20;Gut
28.05.2018;;20;Gut
29.05.2018;;20;Gut
30.05.2018;;20;Gut
31.05.2018;;20;Gut
01.06.2018;;20;Gut
02.06.2018;;20;Gut
03.06.2018;;20;Gut
04.06.2018;;20;Gut
05.06.2018;;20;Gut
06.06.2018;;20;Gut
07.06.2018;;20;Gut
08.06.2018;;20;Gut
09.06.2018;;20;Gut
10.06.2018;;20;Gut
11.06.2018;;20;Gut
12.06.2018;;20;Gut
13.06.2018;;20;Gut
14.06.2018;;20;Gut
15.06.2018;;20;Gut
16.06.2018;;20;Gut
17.06.2018;;20;Gut
18.06.2018;;20;Gut
19.06.2018;;20;Gut
20.06.2018;;20;Gut
21.06.2018;;20;Gut
22.06.2018;;20;Gut
23.06.2018;;20;Gut
24.06.2018;;20;Gut
25.06.2018;;20;Gut
26.06.2018;;20;Gut
27.06.2018;;20;Gut
28.06.2018;;20;Gut
29.06.2018;;20;Gut
30.06.2018;;20;Gut
01.07.2018;;20;Gut
02.07.2018;;20;Gut
03.07.2018;;20;Gut
04.07.2018;;20;Gut
05.07.2018;;20;Gut
06.07.2018;;20;Gut
07.07.2018;;20;Gut
08.07.2018;;20;Gut
09.07.2018;;20;Gut
10.07.2018;;20;Gut
11.07.2018;;20;Gut
12.07.2018;;22;Gut
13.07.2018;;30;Gut
14.07.2018;;34;Gut
15.07.2018;;34;Gut
16.07.2018;;34;Gut
17.07.2018;;34;Gut
18.07.2018;;34;Gut
19.07.2018;;34;Gut
20.07.2018;;34;Gut
21.07.2018;;34;Gut
22.07.2018;;34;Gut
23.07.2018;;32;Gut
24.07.2018;;32;Gut
25.07.2018;;30;Gut
26.07.2018;;30;Gut
27.07.2018;;28;Gut
28.07.2018;;28;Gut
29.07.2018;;30;Gut
30.07.2018;;30;Gut
31.07.2018;;28;Gut
01.08.2018;;28;Gut
02.08.2018;;30;Gut
03.08.2018;;30;Gut
04.08.2018;;29;Gut
05.08.2018;;25;Gut
06.08.2018;;20;Gut
07.08.2018;;20;Gut
08.08.2018;;20;Gut
09.08.2018;;20;Gut
10.08.2018;;20;Gut
11.08.2018;;20;Gut
12.08.2018;;20;Gut
13.08.2018;;19;Gut
14.08.2018;;19;Gut
15.08.2018;;18;Gut
16.08.2018;;18;Gut
17.08.2018;;18;Gut
18.08.2018;;18;Gut
19.08.2018;;18;Gut
20.08.2018;;18;Gut
21.08.2018;;18;Gut
22.08.2018;;18;Gut
23.08.2018;;18;Gut
24.08.2018;;18;Gut
25.08.2018;;18;Gut
26.08.2018;;18;Gut
27.08.2018;;18;Gut
28.08.2018;;18;Gut
29.08.2018;;18;Gut
30.08.2018;;18;Gut
31.08.2018;;18;Gut
01.09.2018;;18;Gut
02.09.2018;;18;Gut
03.09.2018;;20;Gut
04.09.2018;;20;Gut
05.09.2018;;20;Gut
06.09.2018;;20;Gut
07.09.2018;;20;Gut
08.09.2018;;20;Gut
09.09.2018;;20;Gut
10.09.2018;;20;Gut
11.09.2018;;20;Gut
12.09.2018;;28;Gut
13.09.2018;;28;Gut
14.09.2018;;30;Gut
15.09.2018;;30;Gut
16.09.2018;;28;Gut
17.09.2018;;28;Gut
18.09.2018;;28;Gut
19.09.2018;;28;Gut
20.09.2018;;28;Gut
21.09.2018;;28;Gut
22.09.2018;;28;Gut
23.09.2018;;28;Gut
24.09.2018;;29;Gut
25.09.2018;;29;Gut
26.09.2018;;29;Gut
27.09.2018;;29;Gut
28.09.2018;;29;Gut
29.09.2018;;29;Gut
30.09.2018;;29;Gut
01.10.2018;;29;Gut
02.10.2018;;29;Gut
03.10.2018;;29;Gut
04.10.2018;;30;Gut
05.10.2018;;30;Gut
06.10.2018;;30;Gut
07.10.2018;;30;Gut
08.10.2018;;30;Gut
09.10.2018;;30;Gut
10.10.2018;;30;Gut
11.10.2018;;28;Gut
12.10.2018;;28;Gut
13.10.2018;;28;Gut
14.10.2018;;28;Gut
15.10.2018;;26;Gut
16.10.2018;;26;Gut
17.10.2018;;26;Gut
18.10.2018;;26;Gut
19.10.2018;;25;Gut
20.10.2018;;25;Gut
21.10.2018;;25;Gut
22.10.2018;;25;Gut
23.10.2018;;26;Gut
24.10.2018;;26;Gut
25.10.2018;;26;Gut
26.10.2018;;26;Gut
27.10.2018;;25;Gut
28.10.2018;;25;Gut
29.10.2018;;25;Gut
30.10.2018;;24;Gut
31.10.2018;;24;Gut
01.11.2018;;26;Gut
02.11.2018;;24;Gut
03.11.2018;;24;Gut
04.11.2018;;24;Gut
05.11.2018;;24;Gut
06.11.2018;;24;Gut
07.11.2018;;24;Gut
08.11.2018;;25;Gut
09.11.2018;;25;Gut
10.11.2018;;25;Gut
11.11.2018;;25;Gut
12.11.2018;;27;Gut
13.11.2018;;27;Gut
14.11.2018;;30;Gut
15.11.2018;;30;Gut
16.11.2018;;30;Gut
17.11.2018;;30;Gut
18.11.2018;;29;Gut
19.11.2018;;29;Gut
20.11.2018;;29;Gut
21.11.2018;;29;Gut
22.11.2018;;29;Gut
23.11.2018;;29;Gut
24.11.2018;;29;Gut
25.11.2018;;29;Gut
26.11.2018;;29;Gut
27.11.2018;;28;Gut
28.11.2018;;28;Gut
29.11.2018;;28;Gut
30.11.2018;;28;Gut
01.12.2018;;30;Gut
02.12.2018;;38;Gut
03.12.2018;;38;Gut
04.12.2018;;38;Gut
05.12.2018;;35;Gut
06.12.2018;;35;Gut
07.12.2018;;35;Gut
08.12.2018;;36;Gut
09.12.2018;;38;Gut
10.12.2018;;38;Gut
11.12.2018;;38;Gut
12.12.2018;;38;Gut
13.12.2018;;38;Gut
14.12.2018;;40;Gut
15.12.2018;;40;Gut
16.12.2018;;43;Gut
17.12.2018;;45;Gut
18.12.2018;;45;Gut
19.12.2018;;45;Gut
20.12.2018;;45;Gut
21.12.2018;;45;Gut
22.12.2018;;49;Gut
23.12.2018;;49;Gut
24.12.2018;;49;Gut
25.12.2018;;49;Gut
26.12.2018;;52;Gut
27.12.2018;;52;Gut
28.12.2018;;52;Gut
29.12.2018;;54;Gut
30.12.2018;;54;Gut
31.12.2018;;54;Gut
01.01.2019;;54;Gut
02.01.2019;;54;Gut
03.01.2019;;54;Gut
04.01.2019;;55;Gut
05.01.2019;;55;Gut
06.01.2019;;54;Gut
07.01.2019;;54;Gut
08.01.2019;;54;Gut
09.01.2019;;45;Gut
10.01.2019;;45;Gut
11.01.2019;;45;Gut
12.01.2019;;45;Gut
13.01.2019;;45;Gut
14.01.2019;;45;Gut
15.01.2019;;46;Gut
16.01.2019;;48;Gut
17.01.2019;;48;Gut
18.01.2019;;48;Gut
19.01.2019;;48;Gut
20.01.2019;;48;Gut
21.01.2019;;47;Gut
22.01.2019;;47;Gut
23.01.2019;;45;Gut
24.01.2019;;45;Gut
25.01.2019;;42;Gut
26.01.2019;;44;Gut
27.01.2019;;44;Gut
28.01.2019;;46;Gut
29.01.2019;;49;Gut
30.01.2019;;49;Gut
31.01.2019;;48;Gut
01.02.2019;;48;Gut
02.02.2019;;49;Gut
03.02.2019;;49;Gut
04.02.2019;;49;Gut
05.02.2019;;46;Gut
06.02.2019;;45;Gut
07.02.2019;;45;Gut
08.02.2019;;45;Gut
09.02.2019;;45;Gut
10.02.2019;;48;Gut
11.02.2019;;50;Gut
12.02.2019;;50;Gut
13.02.2019;;48;Gut
14.02.2019;;48;Gut
15.02.2019;;48;Gut
16.02.2019;;45;Gut
17.02.2019;;45;Gut
18.02.2019;;45;Gut
19.02.2019;;45;Gut
20.02.2019;;44;Gut
21.02.2019;;42;Gut
22.02.2019;;42;Gut
23.02.2019;;40;Gut
24.02.2019;;40;Gut
25.02.2019;;40;Gut
26.02.2019;;40;Gut
27.02.2019;;40;Gut
28.02.2019;;40;Gut
01.03.2019;;40;Gut
02.03.2019;;40;Gut
03.03.2019;;40;Gut
04.03.2019;;40;Gut
05.03.2019;;45;Gut
06.03.2019;;50;Gut
07.03.2019;;50;Gut
08.03.2019;;50;Gut
09.03.2019;;48;Gut
10.03.2019;;48;Gut
11.03.2019;;48;Gut
12.03.2019;;48;Gut
13.03.2019;;48;Gut
14.03.2019;;50;Gut
15.03.2019;;55;Gut
16.03.2019;;55;Gut
17.03.2019;;60;Gut
18.03.2019;;60;Gut
19.03.2019;;56;Gut
20.03.2019;;56;Gut
21.03.2019;;50;Gut
22.03.2019;;50;Gut
23.03.2019;;50;Gut
24.03.2019;;40;Gut
25.03.2019;;42;Gut
26.03.2019;;42;Gut
27.03.2019;;40;Gut
28.03.2019;;40;Gut
29.03.2019;;40;Gut
30.03.2019;;42;Gut
31.03.2019;;42;Gut
01.04.2019;;42;Gut
02.04.2019;;40;Gut
03.04.2019;;38;Gut
04.04.2019;;38;Gut
05.04.2019;;36;Gut
06.04.2019;;36;Gut
07.04.2019;;33;Gut
08.04.2019;;33;Gut
09.04.2019;;33;Gut
10.04.2019;;33;Gut
11.04.2019;;33;Gut
12.04.2019;;30;Gut
13.04.2019;;30;Gut
14.04.2019;;27;Gut
15.04.2019;;27;Gut
16.04.2019;;25;Gut
17.04.2019;;25;Gut
18.04.2019;;25;Gut
19.04.2019;;25;Gut
20.04.2019;;25;Gut
21.04.2019;;25;Gut
22.04.2019;;25;Gut
23.04.2019;;25;Gut
24.04.2019;;25;Gut
25.04.2019;;25;Gut
26.04.2019;;25;Gut
27.04.2019;;25;Gut
28.04.2019;;25;Gut
29.04.2019;;25;Gut
30.04.2019;;25;Gut
01.05.2019;;25;Gut
02.05.2019;;25;Gut
03.05.2019;;25;Gut
04.05.2019;;25;Gut
05.05.2019;;25;Gut
06.05.2019;;25;Gut
07.05.2019;;25;Gut
08.05.2019;;25;Gut
09.05.2019;;25;Gut
10.05.2019;;25;Gut
11.05.2019;;23;Gut
12.05.2019;;23;Gut
13.05.2019;;23;Gut
14.05.2019;;23;Gut
15.05.2019;;23;Gut
16.05.2019;;23;Gut
17.05.2019;;30;Gut
18.05.2019;;30;Gut
19.05.2019;;30;Gut
20.05.2019;;30;Gut
21.05.2019;;35;Gut
22.05.2019;;35;Gut
23.05.2019;;35;Gut
24.05.2019;;32;Gut
25.05.2019;;30;Gut
26.05.2019;;30;Gut
27.05.2019;;30;Gut
28.05.2019;;30;Gut
29.05.2019;;30;Gut
30.05.2019;;30;Gut
31.05.2019;;30;Gut
01.06.2019;;30;Gut
02.06.2019;;29;Gut
03.06.2019;;29;Gut
04.06.2019;;28;Gut
05.06.2019;;28;Gut
06.06.2019;;28;Gut
07.06.2019;;28;Gut
08.06.2019;;30;Gut
09.06.2019;;30;Gut
10.06.2019;;30;Gut
11.06.2019;;32;Gut
12.06.2019;;32;Gut
13.06.2019;;32;Gut
14.06.2019;;32;Gut
15.06.2019;;30;Gut
16.06.2019;;30;Gut
17.06.2019;;29;Gut
18.06.2019;;29;Gut
19.06.2019;;29;Gut
20.06.2019;;22;Gut
21.06.2019;;22;Gut
22.06.2019;;22;Gut
23.06.2019;;25;Gut
24.06.2019;;25;Gut
25.06.2019;;25;Gut
26.06.2019;;24;Gut
27.06.2019;;24;Gut
28.06.2019;;24;Gut
29.06.2019;;24;Gut
30.06.2019;;24;Gut
01.07.2019;;22;Gut
02.07.2019;;22;Gut
03.07.2019;;20;Gut
04.07.2019;;20;Gut
05.07.2019;;20;Gut
06.07.2019;;20;Gut
07.07.2019;;20;Gut
08.07.2019;;20;Gut
09.07.2019;;20;Gut
10.07.2019;;20;Gut
11.07.2019;;20;Gut
12.07.2019;;20;Gut
13.07.2019;;20;Gut
14.07.2019;;20;Gut
15.07.2019;;25;Gut
16.07.2019;;25;Gut
17.07.2019;;25;Gut
18.07.2019;;25;Gut
19.07.2019;;25;Gut
20.07.2019;;25;Gut
21.07.2019;;30;Gut
22.07.2019;;30;Gut
23.07.2019;;29;Gut
24.07.2019;;28;Gut
25.07.2019;;25;Gut
26.07.2019;;25;Gut
27.07.2019;;25;Gut
28.07.2019;;23;Gut
29.07.2019;;23;Gut
30.07.2019;;28;Gut
31.07.2019;;30;Gut
01.08.2019;;30;Gut
02.08.2019;;35;Gut
03.08.2019;;35;Gut
04.08.2019;;35;Gut
05.08.2019;;35;Gut
06.08.2019;;35;Gut
07.08.2019;;35;Gut
08.08.2019;;35;Gut
09.08.2019;;35;Gut
10.08.2019;;35;Gut
11.08.2019;;35;Gut
12.08.2019;;35;Gut
13.08.2019;;35;Gut
14.08.2019;;35;Gut
15.08.2019;;35;Gut
16.08.2019;;35;Gut
17.08.2019;;35;Gut
18.08.2019;;35;Gut
19.08.2019;;35;Gut
20.08.2019;;35;Gut
21.08.2019;;35;Gut
22.08.2019;;35;Gut
23.08.2019;;35;Gut
24.08.2019;;33;Gut
25.08.2019;;33;Gut
26.08.2019;;33;Gut
27.08.2019;;33;Gut
28.08.2019;;33;Gut
29.08.2019;;30;Gut
30.08.2019;;30;Gut
31.08.2019;;30;Gut
01.09.2019;;30;Gut
02.09.2019;;28;Gut
03.09.2019;;28;Gut
04.09.2019;;28;Gut
05.09.2019;;28;Gut
06.09.2019;;28;Gut
07.09.2019;;28;Gut
08.09.2019;;28;Gut
09.09.2019;;30;Gut
10.09.2019;;30;Gut
11.09.2019;;32;Gut
12.09.2019;;35;Gut
13.09.2019;;35;Gut
14.09.2019;;35;Gut
15.09.2019;;38;Gut
16.09.2019;;38;Gut
17.09.2019;;40;Gut
18.09.2019;;40;Gut
19.09.2019;;38;Gut
20.09.2019;;38;Gut
21.09.2019;;38;Gut
22.09.2019;;38;Gut
23.09.2019;;38;Gut
24.09.2019;;35;Gut
25.09.2019;;30;Gut
26.09.2019;;30;Gut
27.09.2019;;28;Gut
28.09.2019;;34;Gut
29.09.2019;;38;Gut
30.09.2019;;38;Gut
01.10.2019;;40;Gut
02.10.2019;;40;Gut
03.10.2019;;40;Gut
04.10.2019;;40;Gut
05.10.2019;;49;Gut
06.10.2019;;49;Gut
07.10.2019;;47;Gut
08.10.2019;;45;Gut
09.10.2019;;45;Gut
10.10.2019;;48;Gut
11.10.2019;;48;Gut
12.10.2019;;48;Gut
13.10.2019;;45;Gut
14.10.2019;;45;Gut
15.10.2019;;45;Gut
16.10.2019;;45;Gut
17.10.2019;;43;Gut
18.10.2019;;40;Gut
19.10.2019;;40;Gut
20.10.2019;;38;Gut
21.10.2019;;38;Gut
22.10.2019;;38;Gut
23.10.2019;;38;Gut
24.10.2019;;38;Gut
25.10.2019;;38;Gut
26.10.2019;;38;Gut
27.10.2019;;38;Gut
28.10.2019;;35;Gut
29.10.2019;;35;Gut
30.10.2019;;34;Gut
31.10.2019;;32;Gut
01.11.2019;;32;Gut
02.11.2019;;32;Gut
03.11.2019;;32;Gut
04.11.2019;;32;Gut
05.11.2019;;32;Gut
06.11.2019;;32;Gut
07.11.2019;;36;Gut
08.11.2019;;36;Gut
09.11.2019;;38;Gut
10.11.2019;;38;Gut
11.11.2019;;38;Gut
12.11.2019;;38;Gut
13.11.2019;;38;Gut
14.11.2019;;38;Gut
15.11.2019;;38;Gut
16.11.2019;;38;Gut
17.11.2019;;38;Gut
18.11.2019;;38;Gut
19.11.2019;;38;Gut
20.11.2019;;39;Gut
21.11.2019;;39;Gut
22.11.2019;;40;Gut
23.11.2019;;40;Gut
24.11.2019;;48;Gut
25.11.2019;;48;Gut
26.11.2019;;48;Gut
27.11.2019;;48;Gut
28.11.2019;;48;Gut
29.11.2019;;45;Gut
30.11.2019;;45;Gut
01.12.2019;;45;Gut
02.12.2019;;45;Gut
03.12.2019;;45;Gut
04.12.2019;;43;Gut
05.12.2019;;43;Gut
06.12.2019;;40;Gut
07.12.2019;;45;Gut
08.12.2019;;45;Gut
09.12.2019;;42;Gut
10.12.2019;;42;Gut
11.12.2019;;42;Gut
12.12.2019;;42;Gut
13.12.2019;;42;Gut
14.12.2019;;42;Gut
15.12.2019;;42;Gut
16.12.2019;;42;Gut
17.12.2019;;42;Gut
18.12.2019;;42;Gut
19.12.2019;;42;Gut
20.12.2019;;42;Gut
21.12.2019;;42;Gut
22.12.2019;;42;Gut
23.12.2019;;42;Gut
24.12.2019;;42;Gut
25.12.2019;;44;Gut
26.12.2019;;44;Gut
27.12.2019;;44;Gut
28.12.2019;;42;Gut
29.12.2019;;42;Gut
30.12.2019;;40;Gut
31.12.2019;;40;Gut
01.01.2020;;40;Gut
02.01.2020;;40;Gut
03.01.2020;;40;Gut
04.01.2020;;40;Gut
05.01.2020;;40;Gut
06.01.2020;;40;Gut
07.01.2020;;40;Gut
08.01.2020;;40;Gut
09.01.2020;;42;Gut
10.01.2020;;45;Gut
11.01.2020;;45;Gut
12.01.2020;;45;Gut
13.01.2020;;43;Gut
14.01.2020;;42;Gut
15.01.2020;;42;Gut
16.01.2020;;42;Gut
17.01.2020;;42;Gut
18.01.2020;;42;Gut
19.01.2020;;42;Gut
20.01.2020;;40;Gut
21.01.2020;;40;Gut
22.01.2020;;40;Gut
23.01.2020;;40;Gut
24.01.2020;;40;Gut
25.01.2020;;39;Gut
26.01.2020;;38;Gut
27.01.2020;;38;Gut
28.01.2020;;38;Gut
29.01.2020;;38;Gut
30.01.2020;;38;Gut
31.01.2020;;40;Gut
01.02.2020;;46;Gut
02.02.2020;;50;Gut
03.02.2020;;50;Gut
04.02.2020;;50;Gut
05.02.2020;;50;Gut
06.02.2020;;50;Gut
07.02.2020;;50;Gut
08.02.2020;;49;Gut
09.02.2020;;48;Gut
10.02.2020;;48;Gut
11.02.2020;;48;Gut
12.02.2020;;48;Gut
13.02.2020;;45;Gut
14.02.2020;;45;Gut
15.02.2020;;45;Gut
16.02.2020;;48;Gut
17.02.2020;;48;Gut
18.02.2020;;48;Gut
19.02.2020;;48;Gut
20.02.2020;;48;Gut
21.02.2020;;50;Gut
22.02.2020;;50;Gut
23.02.2020;;50;Gut
24.02.2020;;56;Gut
25.02.2020;;60;Gut
26.02.2020;;60;Gut
27.02.2020;;60;Gut
28.02.2020;;60;Gut
29.02.2020;;60;Gut
01.03.2020;;60;Gut
02.03.2020;;60;Gut
03.03.2020;;59;Gut
04.03.2020;;59;Gut
05.03.2020;;59;Gut
06.03.2020;;59;Gut
07.03.2020;;55;Gut
08.03.2020;;50;Gut
09.03.2020;;50;Gut
10.03.2020;;50;Gut
11.03.2020;;50;Gut
12.03.2020;;50;Gut
13.03.2020;;50;Gut
14.03.2020;;50;Gut
15.03.2020;;50;Gut
16.03.2020;;50;Gut
17.03.2020;;50;Gut
18.03.2020;;45;Gut
19.03.2020;;45;Gut
20.03.2020;;45;Gut
21.03.2020;;40;Gut
22.03.2020;;40;Gut
23.03.2020;;40;Gut
24.03.2020;;40;Gut
25.03.2020;;40;Gut
26.03.2020;;39;Gut
27.03.2020;;37;Gut
28.03.2020;;37;Gut
29.03.2020;;37;Gut
30.03.2020;;35;Gut
31.03.2020;;35;Gut
01.04.2020;;35;Gut
02.04.2020;;35;Gut
03.04.2020;;35;Gut
04.04.2020;;34;Gut
05.04.2020;;34;Gut
06.04.2020;;34;Gut
07.04.2020;;34;Gut
08.04.2020;;34;Gut
09.04.2020;;34;Gut
10.04.2020;;34;Gut
11.04.2020;;34;Gut
12.04.2020;;34;Gut
13.04.2020;;35;Gut
14.04.2020;;35;Gut
15.04.2020;;33;Gut
16.04.2020;;33;Gut
17.04.2020;;30;Gut
18.04.2020;;30;Gut
19.04.2020;;30;Gut
20.04.2020;;30;Gut
21.04.2020;;29;Gut
22.04.2020;;28;Gut
23.04.2020;;28;Gut
24.04.2020;;28;Gut
25.04.2020;;28;Gut
26.04.2020;;28;Gut
27.04.2020;;28;Gut
28.04.2020;;32;Gut
29.04.2020;;34;Gut
30.04.2020;;34;Gut
01.05.2020;;34;Gut
02.05.2020;;34;Gut
03.05.2020;;40;Gut
04.05.2020;;40;Gut
05.05.2020;;40;Gut
06.05.2020;;38;Gut
07.05.2020;;38;Gut
08.05.2020;;38;Gut
09.05.2020;;38;Gut
10.05.2020;;39;Gut
11.05.2020;;39;Gut
12.05.2020;;39;Gut
13.05.2020;;38;Gut
14.05.2020;;38;Gut
15.05.2020;;38;Gut
16.05.2020;;38;Gut
17.05.2020;;38;Gut
18.05.2020;;38;Gut
19.05.2020;;35;Gut
20.05.2020;;32;Gut
21.05.2020;;32;Gut
22.05.2020;;30;Gut
23.05.2020;;30;Gut
24.05.2020;;30;Gut
25.05.2020;;34;Gut
26.05.2020;;34;Gut
27.05.2020;;34;Gut
28.05.2020;;33;Gut
29.05.2020;;33;Gut
30.05.2020;;31;Gut
31.05.2020;;31;Gut
01.06.2020;;30;Gut
02.06.2020;;28;Gut
03.06.2020;;28;Gut
04.06.2020;;28;Gut
05.06.2020;;28;Gut
06.06.2020;;28;Gut
07.06.2020;;28;Gut
08.06.2020;;28;Gut
09.06.2020;;28;Gut
10.06.2020;;28;Gut
11.06.2020;;28;Gut
12.06.2020;;28;Gut
13.06.2020;;28;Gut
14.06.2020;;28;Gut
15.06.2020;;28;Gut
16.06.2020;;28;Gut
17.06.2020;;28;Gut
18.06.2020;;28;Gut
19.06.2020;;28;Gut
20.06.2020;;28;Gut
21.06.2020;;28;Gut
22.06.2020;;27;Gut
23.06.2020;;27;Gut
24.06.2020;;27;Gut
25.06.2020;;27;Gut
26.06.2020;;27;Gut
27.06.2020;;27;Gut
28.06.2020;;33;Gut
29.06.2020;;30;Gut
30.06.2020;;29;Gut
01.07.2020;;29;Gut
02.07.2020;;29;Gut
03.07.2020;;29;Gut
04.07.2020;;29;Gut
05.07.2020;;30;Gut
06.07.2020;;32;Gut
07.07.2020;;32;Gut
08.07.2020;;28;Gut
09.07.2020;;28;Gut
10.07.2020;;28;Gut
11.07.2020;;28;Gut
12.07.2020;;26;Gut
13.07.2020;;26;Gut
14.07.2020;;26;Gut
15.07.2020;;26;Gut
16.07.2020;;26;Gut
17.07.2020;;26;Gut
18.07.2020;;26;Gut
19.07.2020;;26;Gut
20.07.2020;;26;Gut
21.07.2020;;26;Gut
22.07.2020;;26;Gut
23.07.2020;;26;Gut
24.07.2020;;26;Gut
25.07.2020;;26;Gut
26.07.2020;;26;Gut
27.07.2020;;26;Gut
28.07.2020;;26;Gut
29.07.2020;;25;Gut
30.07.2020;;24;Gut
31.07.2020;;24;Gut
01.08.2020;;24;Gut
02.08.2020;;24;Gut
03.08.2020;;24;Gut
04.08.2020;;24;Gut
05.08.2020;;24;Gut
06.08.2020;;24;Gut
07.08.2020;;24;Gut
08.08.2020;;24;Gut
09.08.2020;;24;Gut
10.08.2020;;24;Gut
11.08.2020;;24;Gut
12.08.2020;;24;Gut
13.08.2020;;24;Gut
14.08.2020;;22;Gut
15.08.2020;;22;Gut
16.08.2020;;22;Gut
17.08.2020;;20;Gut
18.08.2020;;20;Gut
19.08.2020;;20;Gut
20.08.2020;;20;Gut
21.08.2020;;20;Gut
22.08.2020;;20;Gut
23.08.2020;;20;Gut
24.08.2020;;20;Gut
25.08.2020;;20;Gut
26.08.2020;;22;Gut
27.08.2020;;22;Gut
28.08.2020;;22;Gut
29.08.2020;;22;Gut
30.08.2020;;22;Gut
31.08.2020;;29;Gut
01.09.2020;;29;Gut
02.09.2020;;29;Gut
03.09.2020;;29;Gut
04.09.2020;;29;Gut
05.09.2020;;29;Gut
06.09.2020;;28;Gut
07.09.2020;;28;Gut
08.09.2020;;28;Gut
09.09.2020;;28;Gut
10.09.2020;;28;Gut
11.09.2020;;29;Gut
12.09.2020;;29;Gut
13.09.2020;;29;Gut
14.09.2020;;29;Gut
15.09.2020;;29;Gut
16.09.2020;;29;Gut
17.09.2020;;29;Gut
18.09.2020;;29;Gut
19.09.2020;;29;Gut
20.09.2020;;29;Gut
21.09.2020;;29;Gut
22.09.2020;;29;Gut
23.09.2020;;29;Gut
24.09.2020;;29;Gut
25.09.2020;;29;Gut
26.09.2020;;30;Gut
27.09.2020;;32;Gut
28.09.2020;;32;Gut
29.09.2020;;30;Gut
30.09.2020;;28;Gut
01.10.2020;;28;Gut
02.10.2020;;28;Gut
03.10.2020;;32;Gut
04.10.2020;;33;Gut
05.10.2020;;30;Gut
06.10.2020;;30;Gut
07.10.2020;;32;Gut
08.10.2020;;32;Gut
09.10.2020;;33;Gut
10.10.2020;;33;Gut
11.10.2020;;35;Gut
12.10.2020;;35;Gut
13.10.2020;;35;Gut
14.10.2020;;39;Gut
15.10.2020;;39;Gut
16.10.2020;;39;Gut
17.10.2020;;39;Gut
18.10.2020;;38;Gut
19.10.2020;;38;Gut
20.10.2020;;38;Gut
21.10.2020;;38;Gut
22.10.2020;;37;Gut
23.10.2020;;37;Gut
24.10.2020;;38;Gut
25.10.2020;;38;Gut
26.10.2020;;38;Gut
27.10.2020;;38;Gut
28.10.2020;;38;Gut
29.10.2020;;38;Gut
30.10.2020;;38;Gut
31.10.2020;;50;Gut
01.11.2020;;50;Rohdaten
02.11.2020;;55;Rohdaten
03.11.2020;;55;Rohdaten
04.11.2020;;55;Rohdaten
05.11.2020;;53;Rohdaten
06.11.2020;;50;Rohdaten
07.11.2020;;50;Rohdaten
08.11.2020;;50;Rohdaten
09.11.2020;;50;Rohdaten
10.11.2020;;49;Rohdaten
11.11.2020;;49;Rohdaten
12.11.2020;;50;Rohdaten
13.11.2020;;50;Rohdaten
14.11.2020;;50;Rohdaten
15.11.2020;;50;Rohdaten
16.11.2020;;50;Rohdaten
17.11.2020;;50;Rohdaten
18.11.2020;;50;Rohdaten
19.11.2020;;50;Rohdaten
20.11.2020;;50;Rohdaten
21.11.2020;;50;Rohdaten
22.11.2020;;50;Rohdaten
23.11.2020;;47;Rohdaten
24.11.2020;;47;Rohdaten
25.11.2020;;47;Rohdaten
26.11.2020;;47;Rohdaten
27.11.2020;;46;Rohdaten
28.11.2020;;46;Rohdaten
29.11.2020;;46;Rohdaten
30.11.2020;;45;Rohdaten
01.12.2020;;45;Rohdaten
02.12.2020;;45;Rohdaten
03.12.2020;;45;Rohdaten
04.12.2020;;45;Rohdaten
05.12.2020;;45;Rohdaten
06.12.2020;;45;Rohdaten
07.12.2020;;45;Rohdaten
08.12.2020;;45;Rohdaten
09.12.2020;;45;Rohdaten
10.12.2020;;39;Rohdaten
11.12.2020;;39;Rohdaten
12.12.2020;;39;Rohdaten
13.12.2020;;39;Rohdaten
14.12.2020;;39;Rohdaten
15.12.2020;;39;Rohdaten
16.12.2020;;40;Rohdaten
17.12.2020;;40;Rohdaten
18.12.2020;;40;Rohdaten
19.12.2020;;40;Rohdaten
20.12.2020;;40;Rohdaten
21.12.2020;;40;Rohdaten
22.12.2020;;40;Rohdaten
23.12.2020;;42;Rohdaten
24.12.2020;;44;Rohdaten
25.12.2020;;46;Rohdaten
26.12.2020;;46;Rohdaten
27.12.2020;;45;Rohdaten
28.12.2020;;45;Rohdaten
29.12.2020;;44;Rohdaten
30.12.2020;;44;Rohdaten
31.12.2020;;43;Rohdaten
01.01.2021;;43;Rohdaten
02.01.2021;;43;Rohdaten
03.01.2021;;45;Rohdaten
04.01.2021;;46;Rohdaten
05.01.2021;;48;Rohdaten
06.01.2021;;49;Rohdaten
07.01.2021;;49;Rohdaten
08.01.2021;;49;Rohdaten
09.01.2021;;48;Rohdaten
10.01.2021;;48;Rohdaten
11.01.2021;;47;Rohdaten
12.01.2021;;47;Rohdaten
13.01.2021;;46;Rohdaten
14.01.2021;;45;Rohdaten
15.01.2021;;45;Rohdaten
16.01.2021;;45;Rohdaten
17.01.2021;;47;Rohdaten
18.01.2021;;48;Rohdaten
19.01.2021;;48;Rohdaten
20.01.2021;;48;Rohdaten
21.01.2021;;48;Rohdaten
22.01.2021;;50;Rohdaten
23.01.2021;;52;Rohdaten
24.01.2021;;53;Rohdaten
25.01.2021;;55;Rohdaten
26.01.2021;;55;Rohdaten
27.01.2021;;53;Rohdaten
28.01.2021;;48;Rohdaten
29.01.2021;;48;Rohdaten
30.01.2021;;50;Rohdaten
31.01.2021;;50;Rohdaten
01.02.2021;;50;Rohdaten
02.02.2021;;50;Rohdaten
03.02.2021;;55;Rohdaten
04.02.2021;;58;Rohdaten
05.02.2021;;58;Rohdaten
06.02.2021;;55;Rohdaten
07.02.2021;;55;Rohdaten
08.02.2021;;50;Rohdaten
09.02.2021;;45;Rohdaten
10.02.2021;;45;Rohdaten
11.02.2021;;45;Rohdaten
12.02.2021;;45;Rohdaten
13.02.2021;;45;Rohdaten
14.02.2021;;45;Rohdaten
15.02.2021;;45;Rohdaten
16.02.2021;;45;Rohdaten
17.02.2021;;48;Rohdaten
18.02.2021;;50;Rohdaten
19.02.2021;;50;Rohdaten
20.02.2021;;55;Rohdaten
21.02.2021;;53;Rohdaten
22.02.2021;;50;Rohdaten
23.02.2021;;48;Rohdaten
24.02.2021;;48;Rohdaten
25.02.2021;;48;Rohdaten
26.02.2021;;48;Rohdaten
27.02.2021;;45;Rohdaten
28.02.2021;;45;Rohdaten
01.03.2021;;44;Rohdaten
02.03.2021;;45;Rohdaten
03.03.2021;;45;Rohdaten
04.03.2021;;50;Rohdaten
05.03.2021;;45;Rohdaten
06.03.2021;;45;Rohdaten
07.03.2021;;45;Rohdaten
08.03.2021;;45;Rohdaten
09.03.2021;;30;Rohdaten
10.03.2021;;35;Rohdaten
11.03.2021;;38;Rohdaten
12.03.2021;;40;Rohdaten
13.03.2021;;46;Rohdaten
14.03.2021;;50;Rohdaten
15.03.2021;;48;Rohdaten
16.03.2021;;48;Rohdaten
17.03.2021;;50;Rohdaten
18.03.2021;;50;Rohdaten
19.03.2021;;50;Rohdaten
20.03.2021;;50;Rohdaten
21.03.2021;;50;Rohdaten
22.03.2021;;50;Rohdaten
23.03.2021;;50;Rohdaten
24.03.2021;;50;Rohdaten
25.03.2021;;50;Rohdaten
26.03.2021;;50;Rohdaten
27.03.2021;;58;Rohdaten
28.03.2021;;58;Rohdaten
29.03.2021;;60;Rohdaten
30.03.2021;;60;Rohdaten
31.03.2021;;60;Rohdaten
01.04.2021;;55;Rohdaten
02.04.2021;;50;Rohdaten
03.04.2021;;45;Rohdaten
04.04.2021;;40;Rohdaten
05.04.2021;;40;Rohdaten
06.04.2021;;40;Rohdaten
07.04.2021;;40;Rohdaten
08.04.2021;;40;Rohdaten
09.04.2021;;42;Rohdaten
10.04.2021;;42;Rohdaten
11.04.2021;;44;Rohdaten
12.04.2021;;44;Rohdaten
13.04.2021;;44;Rohdaten
14.04.2021;;42;Rohdaten
15.04.2021;;42;Rohdaten
16.04.2021;;42;Rohdaten
17.04.2021;;40;Rohdaten
18.04.2021;;40;Rohdaten
19.04.2021;;45;Rohdaten
20.04.2021;;45;Rohdaten
21.04.2021;;45;Rohdaten
22.04.2021;;43;Rohdaten
23.04.2021;;43;Rohdaten
24.04.2021;;42;Rohdaten
25.04.2021;;40;Rohdaten
26.04.2021;;40;Rohdaten
27.04.2021;;40;Rohdaten
28.04.2021;;40;Rohdaten
29.04.2021;;40;Rohdaten
30.04.2021;;40;Rohdaten
01.05.2021;;40;Rohdaten
02.05.2021;;40;Rohdaten
03.05.2021;;40;Rohdaten
04.05.2021;;40;Rohdaten
05.05.2021;;40;Rohdaten
06.05.2021;;40;Rohdaten
07.05.2021;;40;Rohdaten
08.05.2021;;40;Rohdaten
09.05.2021;;40;Rohdaten
10.05.2021;;40;Rohdaten
11.05.2021;;40;Rohdaten
12.05.2021;;40;Rohdaten
13.05.2021;;40;Rohdaten
14.05.2021;;40;Rohdaten
15.05.2021;;40;Rohdaten
16.05.2021;;40;Rohdaten
17.05.2021;;40;Rohdaten
18.05.2021;;40;Rohdaten
19.05.2021;;40;Rohdaten
20.05.2021;;40;Rohdaten
21.05.2021;;39;Rohdaten
22.05.2021;;37;Rohdaten
23.05.2021;;36;Rohdaten
24.05.2021;;36;Rohdaten
25.05.2021;;33;Rohdaten
26.05.2021;;31;Rohdaten
27.05.2021;;30;Rohdaten
28.05.2021;;33;Rohdaten
29.05.2021;;32;Rohdaten
30.05.2021;;32;Rohdaten
31.05.2021;;32;Rohdaten
01.06.2021;;30;Rohdaten
02.06.2021;;30;Rohdaten
03.06.2021;;30;Rohdaten
04.06.2021;;30;Rohdaten
05.06.2021;;30;Rohdaten
06.06.2021;;28;Rohdaten
07.06.2021;;28;Rohdaten
08.06.2021;;28;Rohdaten
09.06.2021;;28;Rohdaten
10.06.2021;;28;Rohdaten
11.06.2021;;28;Rohdaten
12.06.2021;;28;Rohdaten
13.06.2021;;28;Rohdaten
14.06.2021;;28;Rohdaten
15.06.2021;;28;Rohdaten
16.06.2021;;28;Rohdaten
17.06.2021;;28;Rohdaten
18.06.2021;;28;Rohdaten
19.06.2021;;28;Rohdaten
20.06.2021;;28;Rohdaten
21.06.2021;;28;Rohdaten
22.06.2021;;28;Rohdaten
23.06.2021;;28;Rohdaten
24.06.2021;;28;Rohdaten
25.06.2021;;28;Rohdaten
26.06.2021;;28;Rohdaten
27.06.2021;;28;Rohdaten
28.06.2021;;28;Rohdaten
29.06.2021;;28;Rohdaten
30.06.2021;;28;Rohdaten
01.07.2021;;38;Rohdaten
02.07.2021;;35;Rohdaten
03.07.2021;;35;Rohdaten
04.07.2021;;34;Rohdaten
05.07.2021;;34;Rohdaten
06.07.2021;;34;Rohdaten
07.07.2021;;38;Rohdaten
08.07.2021;;38;Rohdaten
09.07.2021;;38;Rohdaten
10.07.2021;;40;Rohdaten
11.07.2021;;40;Rohdaten
12.07.2021;;40;Rohdaten
13.07.2021;;40;Rohdaten
14.07.2021;;39;Rohdaten
15.07.2021;;38;Rohdaten
16.07.2021;;38;Rohdaten
17.07.2021;;37;Rohdaten
18.07.2021;;37;Rohdaten
19.07.2021;;37;Rohdaten
20.07.2021;;35;Rohdaten
21.07.2021;;35;Rohdaten
22.07.2021;;35;Rohdaten
23.07.2021;;35;Rohdaten
24.07.2021;;34;Rohdaten
25.07.2021;;34;Rohdaten
26.07.2021;;39;Rohdaten
27.07.2021;;39;Rohdaten
28.07.2021;;38;Rohdaten
29.07.2021;;38;Rohdaten
30.07.2021;;35;Rohdaten
31.07.2021;;35;Rohdaten
01.08.2021;;32;Rohdaten
02.08.2021;;30;Rohdaten
03.08.2021;;30;Rohdaten
04.08.2021;;30;Rohdaten
05.08.2021;;30;Rohdaten
06.08.2021;;30;Rohdaten
07.08.2021;;30;Rohdaten
08.08.2021;;30;Rohdaten
09.08.2021;;30;Rohdaten
10.08.2021;;30;Rohdaten
11.08.2021;;30;Rohdaten
12.08.2021;;30;Rohdaten
13.08.2021;;30;Rohdaten
14.08.2021;;28;Rohdaten
15.08.2021;;28;Rohdaten
16.08.2021;;28;Rohdaten
17.08.2021;;28;Rohdaten
18.08.2021;;28;Rohdaten
19.08.2021;;28;Rohdaten
20.08.2021;;26;Rohdaten
21.08.2021;;26;Rohdaten
22.08.2021;;26;Rohdaten
23.08.2021;;40;Rohdaten
24.08.2021;;29;Rohdaten
25.08.2021;;29;Rohdaten
26.08.2021;;30;Rohdaten
27.08.2021;;36;Rohdaten
28.08.2021;;39;Rohdaten
29.08.2021;;39;Rohdaten
30.08.2021;;45;Rohdaten
31.08.2021;;45;Rohdaten
01.09.2021;;45;Rohdaten
02.09.2021;;45;Rohdaten
03.09.2021;;43;Rohdaten
04.09.2021;;41;Rohdaten
05.09.2021;;41;Rohdaten
06.09.2021;;40;Rohdaten
07.09.2021;;40;Rohdaten
08.09.2021;;39;Rohdaten
09.09.2021;;39;Rohdaten
10.09.2021;;39;Rohdaten
11.09.2021;;39;Rohdaten
12.09.2021;;39;Rohdaten
13.09.2021;;39;Rohdaten
14.09.2021;;39;Rohdaten
15.09.2021;;40;Rohdaten
16.09.2021;;40;Rohdaten
17.09.2021;;40;Rohdaten
18.09.2021;;40;Rohdaten
19.09.2021;;39;Rohdaten
20.09.2021;;39;Rohdaten
21.09.2021;;39;Rohdaten
22.09.2021;;39;Rohdaten
23.09.2021;;39;Rohdaten
24.09.2021;;38;Rohdaten
25.09.2021;;38;Rohdaten
26.09.2021;;38;Rohdaten
27.09.2021;;38;Rohdaten
28.09.2021;;38;Rohdaten
29.09.2021;;39;Rohdaten
30.09.2021;;39;Rohdaten
01.10.2021;;38;Rohdaten
02.10.2021;;38;Rohdaten
03.10.2021;;38;Rohdaten
04.10.2021;;38;Rohdaten
05.10.2021;;38;Rohdaten
06.10.2021;;38;Rohdaten
07.10.2021;;38;Rohdaten
08.10.2021;;38;Rohdaten
09.10.2021;;38;Rohdaten
10.10.2021;;38;Rohdaten
11.10.2021;;37;Rohdaten
12.10.2021;;37;Rohdaten
13.10.2021;;36;Rohdaten
14.10.2021;;36;Rohdaten
15.10.2021;;36;Rohdaten
16.10.2021;;36;Rohdaten
17.10.2021;;36;Rohdaten
18.10.2021;;36;Rohdaten
19.10.2021;;37;Rohdaten
20.10.2021;;37;Rohdaten
21.10.2021;;37;Rohdaten
22.10.2021;;37;Rohdaten
23.10.2021;;37;Rohdaten
24.10.2021;;37;Rohdaten
25.10.2021;;36;Rohdaten
26.10.2021;;36;Rohdaten
27.10.2021;;36;Rohdaten
28.10.2021;;36;Rohdaten
29.10.2021;;38;Rohdaten
30.10.2021;;38;Rohdaten
31.10.2021;;38;Rohdaten
01.11.2021;;38;Rohdaten
02.11.2021;;38;Rohdaten
03.11.2021;;38;Rohdaten
04.11.2021;;45;Rohdaten
05.11.2021;;50;Rohdaten
06.11.2021;;50;Rohdaten
07.11.2021;;50;Rohdaten
08.11.2021;;50;Rohdaten
09.11.2021;;50;Rohdaten
10.11.2021;;50;Rohdaten
11.11.2021;;50;Rohdaten
12.11.2021;;50;Rohdaten
13.11.2021;;49;Rohdaten
14.11.2021;;49;Rohdaten
15.11.2021;;49;Rohdaten
16.11.2021;;47;Rohdaten
17.11.2021;;46;Rohdaten
18.11.2021;;46;Rohdaten
19.11.2021;;46;Rohdaten
20.11.2021;;46;Rohdaten
21.11.2021;;46;Rohdaten
22.11.2021;;46;Rohdaten
23.11.2021;;45;Rohdaten
24.11.2021;;45;Rohdaten
25.11.2021;;45;Rohdaten
26.11.2021;;45;Rohdaten
27.11.2021;;45;Rohdaten
28.11.2021;;45;Rohdaten
29.11.2021;;45;Rohdaten
30.11.2021;;45;Rohdaten
01.12.2021;;48;Rohdaten
02.12.2021;;48;Rohdaten
03.12.2021;;48;Rohdaten
04.12.2021;;49;Rohdaten
05.12.2021;;49;Rohdaten
06.12.2021;;49;Rohdaten
07.12.2021;;49;Rohdaten
08.12.2021;;49;Rohdaten
09.12.2021;;49;Rohdaten
10.12.2021;;48;Rohdaten
11.12.2021;;48;Rohdaten
12.12.2021;;47;Rohdaten
13.12.2021;;47;Rohdaten
14.12.2021;;46;Rohdaten
15.12.2021;;46;Rohdaten
16.12.2021;;46;Rohdaten
17.12.2021;;46;Rohdaten
18.12.2021;;45;Rohdaten
19.12.2021;;45;Rohdaten
20.12.2021;;44;Rohdaten
21.12.2021;;43;Rohdaten
22.12.2021;;42;Rohdaten
23.12.2021;;42;Rohdaten
24.12.2021;;50;Rohdaten
25.12.2021;;48;Rohdaten
26.12.2021;;45;Rohdaten
27.12.2021;;45;Rohdaten
28.12.2021;;45;Rohdaten
29.12.2021;;43;Rohdaten
30.12.2021;;43;Rohdaten
31.12.2021;;49;Rohdaten
01.01.2022;;49;Rohdaten
02.01.2022;;49;Rohdaten
03.01.2022;;49;Rohdaten
04.01.2022;;49;Rohdaten
05.01.2022;;49;Rohdaten
06.01.2022;;49;Rohdaten
07.01.2022;;47;Rohdaten
08.01.2022;;47;Rohdaten
09.01.2022;;45;Rohdaten
10.01.2022;;45;Rohdaten
11.01.2022;;45;Rohdaten
12.01.2022;;40;Rohdaten
13.01.2022;;40;Rohdaten
14.01.2022;;40;Rohdaten
15.01.2022;;38;Rohdaten
16.01.2022;;40;Rohdaten
17.01.2022;;37;Rohdaten
18.01.2022;;37;Rohdaten
19.01.2022;;37;Rohdaten
20.01.2022;;37;Rohdaten
21.01.2022;;37;Rohdaten
22.01.2022;;38;Rohdaten
23.01.2022;;38;Rohdaten
24.01.2022;;38;Rohdaten
25.01.2022;;38;Rohdaten
26.01.2022;;39;Rohdaten
27.01.2022;;40;Rohdaten
28.01.2022;;42;Rohdaten
29.01.2022;;44;Rohdaten
30.01.2022;;43;Rohdaten
31.01.2022;;42;Rohdaten
01.02.2022;;42;Rohdaten
02.02.2022;;43;Rohdaten
03.02.2022;;46;Rohdaten
04.02.2022;;48;Rohdaten
05.02.2022;;48;Rohdaten
06.02.2022;;49;Rohdaten
07.02.2022;;48;Rohdaten
08.02.2022;;48;Rohdaten
09.02.2022;;48;Rohdaten
10.02.2022;;48;Rohdaten
11.02.2022;;45;Rohdaten
12.02.2022;;45;Rohdaten
13.02.2022;;44;Rohdaten
14.02.2022;;44;Rohdaten
15.02.2022;;44;Rohdaten
16.02.2022;;42;Rohdaten
17.02.2022;;50;Rohdaten
18.02.2022;;50;Rohdaten
19.02.2022;;52;Rohdaten
20.02.2022;;53;Rohdaten
21.02.2022;;55;Rohdaten
22.02.2022;;55;Rohdaten
23.02.2022;;55;Rohdaten
24.02.2022;;55;Rohdaten
25.02.2022;;55;Rohdaten
26.02.2022;;55;Rohdaten
27.02.2022;;55;Rohdaten
28.02.2022;;55;Rohdaten
01.03.2022;;50;Rohdaten
02.03.2022;;46;Rohdaten
03.03.2022;;46;Rohdaten
04.03.2022;;50;Rohdaten
05.03.2022;;48;Rohdaten
06.03.2022;;48;Rohdaten
07.03.2022;;48;Rohdaten
08.03.2022;;48;Rohdaten
09.03.2022;;44;Rohdaten
10.03.2022;;43;Rohdaten
11.03.2022;;42;Rohdaten
12.03.2022;;40;Rohdaten
13.03.2022;;40;Rohdaten
14.03.2022;;38;Rohdaten
15.03.2022;;38;Rohdaten
16.03.2022;;40;Rohdaten
17.03.2022;;40;Rohdaten
18.03.2022;;48;Rohdaten
19.03.2022;;47;Rohdaten
20.03.2022;;47;Rohdaten
21.03.2022;;45;Rohdaten
22.03.2022;;45;Rohdaten
23.03.2022;;45;Rohdaten
24.03.2022;;44;Rohdaten
25.03.2022;;44;Rohdaten
26.03.2022;;44;Rohdaten
27.03.2022;;44;Rohdaten
28.03.2022;;43;Rohdaten
29.03.2022;;43;Rohdaten
30.03.2022;;43;Rohdaten
31.03.2022;;43;Rohdaten
01.04.2022;;43;Rohdaten
02.04.2022;;43;Rohdaten
03.04.2022;;43;Rohdaten
04.04.2022;;43;Rohdaten
05.04.2022;;46;Rohdaten
06.04.2022;;46;Rohdaten
07.04.2022;;47;Rohdaten
08.04.2022;;48;Rohdaten
09.04.2022;;48;Rohdaten
10.04.2022;;48;Rohdaten
11.04.2022;;48;Rohdaten
12.04.2022;;46;Rohdaten
13.04.2022;;45;Rohdaten
14.04.2022;;45;Rohdaten
15.04.2022;;45;Rohdaten
16.04.2022;;44;Rohdaten
17.04.2022;;44;Rohdaten
18.04.2022;;44;Rohdaten
19.04.2022;;44;Rohdaten
20.04.2022;;44;Rohdaten
21.04.2022;;44;Rohdaten
22.04.2022;;44;Rohdaten
23.04.2022;;44;Rohdaten
24.04.2022;;44;Rohdaten
25.04.2022;;44;Rohdaten
26.04.2022;;44;Rohdaten
27.04.2022;;43;Rohdaten
28.04.2022;;43;Rohdaten
29.04.2022;;43;Rohdaten
30.04.2022;;43;Rohdaten
01.05.2022;;43;Rohdaten
02.05.2022;;43;Rohdaten
03.05.2022;;42;Rohdaten
04.05.2022;;39;Rohdaten
05.05.2022;;39;Rohdaten
06.05.2022;;39;Rohdaten
07.05.2022;;37;Rohdaten
08.05.2022;;36;Rohdaten
09.05.2022;;36;Rohdaten
10.05.2022;;36;Rohdaten
11.05.2022;;36;Rohdaten
12.05.2022;;36;Rohdaten
13.05.2022;;36;Rohdaten
14.05.2022;;36;Rohdaten
15.05.2022;;36;Rohdaten
16.05.2022;;36;Rohdaten
17.05.2022;;36;Rohdaten
18.05.2022;;37;Rohdaten
19.05.2022;;36;Rohdaten
20.05.2022;;36;Rohdaten
21.05.2022;;36;Rohdaten
22.05.2022;;36;Rohdaten
23.05.2022;;36;Rohdaten
24.05.2022;;36;Rohdaten
25.05.2022;;34;Rohdaten
26.05.2022;;34;Rohdaten
27.05.2022;;34;Rohdaten
28.05.2022;;30;Rohdaten
29.05.2022;;30;Rohdaten
30.05.2022;;28;Rohdaten
31.05.2022;;28;Rohdaten
01.06.2022;;28;Rohdaten
02.06.2022;;28;Rohdaten
03.06.2022;;28;Rohdaten
04.06.2022;;28;Rohdaten
05.06.2022;;28;Rohdaten
06.06.2022;;28;Rohdaten
07.06.2022;;28;Rohdaten
08.06.2022;;28;Rohdaten
09.06.2022;;29;Rohdaten
10.06.2022;;25;Rohdaten
11.06.2022;;25;Rohdaten
12.06.2022;;25;Rohdaten
13.06.2022;;24;Rohdaten
14.06.2022;;24;Rohdaten
15.06.2022;;23;Rohdaten
16.06.2022;;23;Rohdaten
17.06.2022;;20;Rohdaten
18.06.2022;;20;Rohdaten
19.06.2022;;20;Rohdaten
20.06.2022;;20;Rohdaten
21.06.2022;;20;Rohdaten
22.06.2022;;20;Rohdaten
23.06.2022;;20;Rohdaten
24.06.2022;;20;Rohdaten
25.06.2022;;20;Rohdaten
26.06.2022;;20;Rohdaten
27.06.2022;;20;Rohdaten
28.06.2022;;20;Rohdaten
29.06.2022;;20;Rohdaten
30.06.2022;;20;Rohdaten
01.07.2022;;20;Rohdaten
02.07.2022;;19;Rohdaten
03.07.2022;;19;Rohdaten
04.07.2022;;19;Rohdaten
05.07.2022;;19;Rohdaten
06.07.2022;;19;Rohdaten
07.07.2022;;19;Rohdaten
08.07.2022;;19;Rohdaten
09.07.2022;;19;Rohdaten
10.07.2022;;19;Rohdaten
11.07.2022;;19;Rohdaten
12.07.2022;;19;Rohdaten
13.07.2022;;18;Rohdaten
14.07.2022;;18;Rohdaten
15.07.2022;;18;Rohdaten
16.07.2022;;18;Rohdaten
17.07.2022;;18;Rohdaten
18.07.2022;;18;Rohdaten
19.07.2022;;18;Rohdaten
20.07.2022;;30;Rohdaten
21.07.2022;;29;Rohdaten
22.07.2022;;28;Rohdaten
23.07.2022;;28;Rohdaten
24.07.2022;;28;Rohdaten
25.07.2022;;25;Rohdaten
26.07.2022;;25;Rohdaten
27.07.2022;;20;Rohdaten
28.07.2022;;20;Rohdaten
29.07.2022;;20;Rohdaten
30.07.2022;;20;Rohdaten
31.07.2022;;28;Rohdaten
01.08.2022;;28;Rohdaten
02.08.2022;;28;Rohdaten
03.08.2022;;25;Rohdaten
04.08.2022;;25;Rohdaten
05.08.2022;;20;Rohdaten
06.08.2022;;18;Rohdaten
07.08.2022;;18;Rohdaten
08.08.2022;;18;Rohdaten
09.08.2022;;18;Rohdaten
10.08.2022;;18;Rohdaten
11.08.2022;;18;Rohdaten
12.08.2022;;18;Rohdaten
13.08.2022;;18;Rohdaten
14.08.2022;;18;Rohdaten
15.08.2022;;18;Rohdaten
16.08.2022;;18;Rohdaten
17.08.2022;;22;Rohdaten
18.08.2022;;22;Rohdaten
19.08.2022;;25;Rohdaten
20.08.2022;;28;Rohdaten
21.08.2022;;28;Rohdaten
22.08.2022;;28;Rohdaten
23.08.2022;;28;Rohdaten
24.08.2022;;28;Rohdaten
25.08.2022;;28;Rohdaten
26.08.2022;;28;Rohdaten
27.08.2022;;29;Rohdaten
28.08.2022;;30;Rohdaten
29.08.2022;;30;Rohdaten
30.08.2022;;30;Rohdaten
31.08.2022;;30;Rohdaten
01.09.2022;;30;Rohdaten
02.09.2022;;30;Rohdaten
03.09.2022;;30;Rohdaten
04.09.2022;;30;Rohdaten
05.09.2022;;30;Rohdaten
06.09.2022;;30;Rohdaten
07.09.2022;;30;Rohdaten
08.09.2022;;30;Rohdaten
09.09.2022;;35;Rohdaten
10.09.2022;;35;Rohdaten
11.09.2022;;34;Rohdaten
12.09.2022;;34;Rohdaten
13.09.2022;;34;Rohdaten
14.09.2022;;34;Rohdaten
15.09.2022;;34;Rohdaten
16.09.2022;;34;Rohdaten
17.09.2022;;34;Rohdaten
18.09.2022;;34;Rohdaten
19.09.2022;;34;Rohdaten
20.09.2022;;34;Rohdaten
21.09.2022;;34;Rohdaten
22.09.2022;;34;Rohdaten
23.09.2022;;34;Rohdaten
24.09.2022;;34;Rohdaten
25.09.2022;;34;Rohdaten
26.09.2022;;36;Rohdaten
27.09.2022;;36;Rohdaten
28.09.2022;;35;Rohdaten
29.09.2022;;35;Rohdaten
30.09.2022;;34;Rohdaten
01.10.2022;;34;Rohdaten
02.10.2022;;34;Rohdaten
03.10.2022;;34;Rohdaten
04.10.2022;;34;Rohdaten
05.10.2022;;34;Rohdaten
06.10.2022;;34;Rohdaten
07.10.2022;;34;Rohdaten
08.10.2022;;34;Rohdaten
09.10.2022;;34;Rohdaten
10.10.2022;;34;Rohdaten
11.10.2022;;34;Rohdaten
12.10.2022;;34;Rohdaten
13.10.2022;;34;Rohdaten
14.10.2022;;34;Rohdaten
15.10.2022;;34;Rohdaten
16.10.2022;;34;Rohdaten
17.10.2022;;34;Rohdaten
18.10.2022;;36;Rohdaten
19.10.2022;;36;Rohdaten
20.10.2022;;35;Rohdaten
21.10.2022;;35;Rohdaten
22.10.2022;;35;Rohdaten
23.10.2022;;35;Rohdaten
24.10.2022;;34;Rohdaten
25.10.2022;;34;Rohdaten
26.10.2022;;34;Rohdaten
27.10.2022;;34;Rohdaten
28.10.2022;;34;Rohdaten
29.10.2022;;34;Rohdaten
30.10.2022;;34;Rohdaten
31.10.2022;;34;Rohdaten
01.11.2022;;34;Rohdaten
02.11.2022;;34;Rohdaten
03.11.2022;;34;Rohdaten
04.11.2022;;34;Rohdaten
05.11.2022;;34;Rohdaten
06.11.2022;;34;Rohdaten
07.11.2022;;34;Rohdaten
08.11.2022;;34;Rohdaten
09.11.2022;;34;Rohdaten
10.11.2022;;30;Rohdaten
11.11.2022;;30;Rohdaten
12.11.2022;;30;Rohdaten
13.11.2022;;30;Rohdaten
14.11.2022;;28;Rohdaten
15.11.2022;;28;Rohdaten
16.11.2022;;30;Rohdaten
17.11.2022;;30;Rohdaten
18.11.2022;;30;Rohdaten
19.11.2022;;30;Rohdaten
20.11.2022;;30;Rohdaten
21.11.2022;;30;Rohdaten
22.11.2022;;30;Rohdaten
23.11.2022;;30;Rohdaten
24.11.2022;;30;Rohdaten
25.11.2022;;30;Rohdaten
26.11.2022;;30;Rohdaten
27.11.2022;;30;Rohdaten
28.11.2022;;30;Rohdaten
29.11.2022;;30;Rohdaten
30.11.2022;;30;Rohdaten
01.12.2022;;30;Rohdaten
02.12.2022;;30;Rohdaten
03.12.2022;;30;Rohdaten
04.12.2022;;30;Rohdaten
05.12.2022;;30;Rohdaten
06.12.2022;;30;Rohdaten
07.12.2022;;30;Rohdaten
08.12.2022;;30;Rohdaten
09.12.2022;;30;Rohdaten
10.12.2022;;30;Rohdaten
11.12.2022;;30;Rohdaten
12.12.2022;;30;Rohdaten
13.12.2022;;30;Rohdaten
14.12.2022;;30;Rohdaten
15.12.2022;;30;Rohdaten
16.12.2022;;28;Rohdaten
17.12.2022;;28;Rohdaten
18.12.2022;;28;Rohdaten
19.12.2022;;28;Rohdaten
20.12.2022;;28;Rohdaten
21.12.2022;;28;Rohdaten
22.12.2022;;28;Rohdaten
23.12.2022;;30;Rohdaten
24.12.2022;;30;Rohdaten
25.12.2022;;35;Rohdaten
26.12.2022;;38;Rohdaten
27.12.2022;;38;Rohdaten
28.12.2022;;38;Rohdaten
29.12.2022;;36;Rohdaten
30.12.2022;;36;Rohdaten
31.12.2022;;35;Rohdaten
01.01.2023;;34;Rohdaten
02.01.2023;;34;Rohdaten
03.01.2023;;34;Rohdaten
04.01.2023;;34;Rohdaten
05.01.2023;;38;Rohdaten
06.01.2023;;36;Rohdaten
07.01.2023;;36;Rohdaten
08.01.2023;;34;Rohdaten
09.01.2023;;34;Rohdaten
10.01.2023;;32;Rohdaten
11.01.2023;;32;Rohdaten
12.01.2023;;33;Rohdaten
13.01.2023;;33;Rohdaten
14.01.2023;;35;Rohdaten
15.01.2023;;35;Rohdaten
16.01.2023;;35;Rohdaten
17.01.2023;;38;Rohdaten
18.01.2023;;38;Rohdaten
19.01.2023;;38;Rohdaten
20.01.2023;;38;Rohdaten
21.01.2023;;37;Rohdaten
22.01.2023;;37;Rohdaten
23.01.2023;;35;Rohdaten
24.01.2023;;35;Rohdaten
25.01.2023;;35;Rohdaten
26.01.2023;;35;Rohdaten
27.01.2023;;35;Rohdaten
28.01.2023;;35;Rohdaten
29.01.2023;;35;Rohdaten
30.01.2023;;35;Rohdaten
31.01.2023;;35;Rohdaten
01.02.2023;;36;Rohdaten
02.02.2023;;36;Rohdaten
03.02.2023;;34;Rohdaten
04.02.2023;;34;Rohdaten
05.02.2023;;34;Rohdaten
06.02.2023;;34;Rohdaten
07.02.2023;;34;Rohdaten
08.02.2023;;34;Rohdaten
09.02.2023;;34;Rohdaten
10.02.2023;;34;Rohdaten
11.02.2023;;34;Rohdaten
12.02.2023;;34;Rohdaten
13.02.2023;;34;Rohdaten
14.02.2023;;34;Rohdaten
15.02.2023;;34;Rohdaten
16.02.2023;;34;Rohdaten
17.02.2023;;34;Rohdaten
18.02.2023;;34;Rohdaten
19.02.2023;;34;Rohdaten
20.02.2023;;34;Rohdaten
21.02.2023;;34;Rohdaten
22.02.2023;;34;Rohdaten
23.02.2023;;36;Rohdaten
24.02.2023;;36;Rohdaten
25.02.2023;;36;Rohdaten
26.02.2023;;35;Rohdaten
27.02.2023;;35;Rohdaten
28.02.2023;;34;Rohdaten
01.03.2023;;---;fehlend
02.03.2023;;---;fehlend
